125481 
114673 
959545 
385871 
988178 
553695 
750674 
602935 
424117 
255583 
76265 
819252 
403506 
848208 
38558 
347299 
250271 
798371 
461839 
764792 
133736 
293261 
786433 
455743 
533777 
637851 
744295 
635886 
499386 
918570 
71882 
118230 
950421 
930025 
993761 
468002 
191907 
41747 
274462 
468810 
584594 
997876 
338642 
752632 
956300 
58143 
821463 
542396 
91624 
762622 
205871 
692454 
75248 
230394 
431173 
246406 
406725 
438846 
967622 
438326 
837470 
16290 
459726 
732385 
929021 
644802 
201615 
267826 
651991 
458490 
754279 
15533 
875460 
234319 
591966 
429875 
581309 
562120 
871257 
277345 
29420 
360887 
62645 
515252 
484538 
587823 
531611 
227933 
680397 
465138 
666704 
547380 
786169 
670857 
713161 
995350 
186177 
878675 
147657 
246182 
