142499 
967246 
661101 
445673 
30487 
74696 
776946 
761832 
234334 
447108 
228019 
781562 
409934 
845932 
630118 
320813 
467778 
381219 
453086 
924365 
482844 
490032 
739808 
197344 
69435 
134194 
666674 
952212 
441422 
151072 
785008 
357857 
844504 
398338 
630600 
509080 
221385 
250519 
782768 
983805 
599400 
786610 
322653 
586365 
203090 
866788 
704635 
682276 
83107 
82034 
95316 
174061 
857306 
83131 
567998 
677503 
185987 
438069 
156317 
687506 
594683 
774025 
925439 
207562 
762903 
553086 
880796 
967746 
421320 
958171 
317823 
248255 
586906 
505057 
421600 
33331 
602851 
50990 
386598 
613099 
697039 
511118 
20213 
589131 
257433 
129581 
995544 
331503 
931650 
290381 
150737 
799591 
482511 
863897 
129654 
952883 
314956 
540972 
833297 
681775 
