53890 
742335 
681527 
942809 
19470 
375229 
565734 
581799 
599748 
665608 
804050 
373692 
557713 
472899 
153825 
95880 
498755 
411202 
10735 
415373 
279244 
133991 
355866 
749745 
222966 
202166 
5562 
243294 
728536 
374904 
363102 
540238 
698207 
669712 
650496 
57754 
127527 
51666 
457730 
343509 
706470 
993940 
545511 
735906 
807893 
966569 
168252 
967939 
46240 
388681 
992838 
235713 
79586 
328611 
271463 
572157 
85642 
715255 
745279 
670831 
401475 
154915 
524760 
327769 
522621 
933641 
688902 
98779 
227227 
424696 
136150 
831075 
682880 
990814 
985612 
816943 
937603 
558063 
628274 
799467 
735391 
913700 
991070 
42232 
432967 
387713 
725888 
275857 
957327 
597047 
764964 
605240 
303464 
895800 
827215 
552697 
522991 
364867 
377782 
925852 
58790 
110923 
943255 
156643 
84345 
913828 
539919 
656607 
553188 
96200 
373498 
123204 
153522 
815269 
241123 
763838 
901112 
806163 
589501 
460530 
56286 
446942 
219309 
32518 
634405 
633776 
322357 
29265 
543013 
499949 
726383 
439991 
461368 
510037 
425278 
660402 
385650 
890849 
538355 
984115 
690772 
747158 
145153 
896471 
624741 
826003 
504147 
237874 
896487 
761388 
383599 
488467 
189534 
356976 
274981 
609820 
491086 
694121 
186064 
834150 
268758 
690119 
396831 
897860 
807372 
567683 
548257 
405164 
158067 
571781 
937058 
959780 
325177 
4362 
83843 
401904 
815024 
29539 
508557 
509203 
848432 
481853 
336050 
272537 
795357 
966421 
346292 
8219 
455283 
727356 
228506 
487741 
908491 
225833 
884764 
810346 
652935 
955031 
931551 
932000 
460215 
779830 
270437 
985953 
120068 
532101 
199734 
206055 
140904 
535335 
624670 
876924 
793268 
516571 
672426 
935429 
310637 
422007 
348547 
600284 
357871 
927734 
562830 
857199 
765430 
531492 
910480 
325257 
740625 
367881 
995245 
500205 
467382 
560653 
491612 
433014 
914816 
877233 
135719 
420905 
774957 
669766 
961154 
744152 
887423 
42950 
780554 
668093 
710329 
755437 
557467 
902377 
193914 
549095 
53599 
30028 
255499 
5926 
779765 
748500 
174257 
456488 
541286 
298635 
421213 
315365 
946582 
225652 
818116 
48087 
234664 
336334 
700239 
33961 
830880 
410162 
143442 
620882 
461425 
150965 
713404 
622552 
848530 
402764 
242663 
297078 
18796 
316089 
663498 
250712 
510626 
361667 
179569 
229380 
192158 
917079 
688014 
701605 
928053 
438517 
973082 
832594 
989698 
322722 
231420 
425610 
624382 
555514 
914716 
889028 
242942 
71092 
963495 
589587 
75711 
413371 
159211 
191664 
743240 
397404 
501087 
997086 
554959 
153837 
247341 
392194 
419312 
698375 
272947 
156405 
741935 
906427 
456032 
131984 
210580 
661853 
35001 
551683 
315191 
479243 
889007 
53784 
785270 
14789 
722294 
858621 
126811 
228246 
714838 
13412 
576895 
860613 
382684 
109905 
646113 
420357 
496794 
654929 
759140 
924755 
144667 
984089 
784010 
448707 
745690 
943775 
345457 
116509 
248277 
749209 
654992 
459228 
639697 
322306 
434347 
689727 
973515 
711774 
419321 
713346 
225520 
208715 
849662 
19435 
248482 
636070 
786538 
791046 
380856 
391114 
535506 
381074 
125934 
73023 
783899 
278194 
510308 
585482 
352438 
134417 
797372 
547591 
612813 
632833 
528965 
596188 
629646 
897446 
18400 
816516 
794177 
174744 
336112 
152331 
809017 
835089 
269162 
419509 
525194 
875820 
601180 
718518 
14930 
879330 
896808 
866456 
934575 
629965 
527921 
739681 
912029 
519469 
26760 
994026 
32797 
172985 
384102 
955010 
94988 
375162 
418522 
182651 
547720 
599600 
394180 
93957 
443400 
35988 
69356 
427703 
834117 
259822 
591037 
963753 
604506 
787774 
942826 
492119 
461236 
983918 
211403 
36491 
521397 
12711 
582617 
852578 
107504 
145778 
988818 
216405 
462635 
297267 
428309 
187354 
284803 
920765 
97473 
741120 
888367 
647933 
223209 
286278 
455763 
801933 
965557 
231161 
652604 
953366 
95371 
999834 
675682 
921861 
486833 
491403 
773806 
84884 
419635 
368044 
160425 
165351 
