16842 
606478 
876021 
72861 
265196 
452142 
153782 
986929 
34535 
972751 
916080 
883490 
840994 
883525 
620264 
485007 
736740 
560414 
627369 
395950 
346690 
728973 
45604 
687858 
212450 
940330 
276532 
784002 
44111 
996493 
633490 
534580 
223379 
514262 
346623 
194819 
44766 
620876 
378152 
389895 
512069 
414048 
711791 
301223 
95783 
709805 
958768 
608052 
762032 
896905 
679920 
959825 
446765 
562630 
997064 
550764 
840177 
890916 
777292 
817438 
990495 
145222 
670959 
13812 
844473 
822847 
393247 
785076 
462087 
747736 
553915 
180063 
703731 
812618 
703722 
102094 
501815 
915782 
3944 
904329 
371592 
819209 
900189 
461148 
397971 
368412 
1097 
673471 
317577 
426587 
706595 
2798 
257938 
432972 
825619 
719164 
796056 
202075 
542573 
487933 
