142640 
299000 
783214 
344535 
107560 
968766 
559337 
813364 
594351 
170665 
119070 
240818 
326198 
760166 
518433 
774880 
997120 
209209 
315064 
107169 
113157 
723788 
608866 
834816 
273557 
83235 
372370 
90152 
932410 
79311 
33645 
365511 
446 
878113 
419399 
674170 
529084 
73614 
963546 
513392 
103288 
605690 
154016 
973670 
266316 
174563 
29873 
618766 
567011 
427246 
568515 
486143 
325169 
920840 
941540 
732938 
698393 
358914 
382024 
621091 
779920 
128357 
395449 
675789 
593070 
108374 
846692 
240443 
631763 
980875 
791374 
639628 
370037 
731637 
984500 
982491 
497780 
56142 
450910 
921451 
961193 
346220 
579075 
254363 
957976 
689847 
230849 
799302 
705012 
449066 
425871 
225959 
418276 
15307 
939983 
734582 
852109 
431499 
353385 
239701 
190025 
808876 
906650 
163736 
511020 
869241 
833063 
796488 
606822 
120661 
285790 
984786 
762126 
892575 
57775 
79571 
282874 
707731 
698128 
119843 
276254 
837469 
557930 
599187 
543257 
47345 
2577 
466245 
862505 
422343 
823067 
57510 
480523 
421514 
961222 
541737 
836051 
145752 
981601 
567398 
798380 
674938 
411686 
370269 
700389 
561999 
464728 
265774 
626357 
668877 
611799 
85775 
748436 
486260 
153019 
252053 
349322 
523162 
137448 
845800 
899936 
281865 
285231 
62383 
784575 
894607 
865427 
494738 
836857 
660223 
591412 
916739 
47824 
507545 
981775 
561503 
869503 
269121 
187337 
695595 
897404 
466830 
760178 
550235 
815621 
921409 
958748 
145917 
907469 
578182 
934737 
334657 
754891 
608164 
898267 
364948 
982858 
681438 
726875 
263918 
412581 
204131 
316482 
588849 
170743 
345421 
222533 
608488 
737880 
974476 
816105 
240518 
379480 
175679 
865897 
617751 
705757 
231736 
257343 
44779 
450520 
871338 
945785 
521471 
25535 
854665 
126785 
208658 
329963 
594936 
908295 
145962 
28227 
715405 
327477 
274353 
771430 
135886 
338052 
242141 
631193 
804998 
373515 
365456 
86284 
147869 
723022 
652823 
577762 
783009 
423387 
281037 
742612 
929413 
871783 
949921 
592927 
450685 
299002 
902062 
338879 
836001 
288639 
164893 
131756 
968840 
257249 
977728 
11876 
341399 
830361 
80510 
370449 
748892 
546487 
832603 
370973 
482023 
409593 
288627 
898206 
967617 
317001 
122518 
416990 
408814 
386079 
527203 
102010 
405182 
716234 
830906 
885612 
282611 
510229 
457498 
363024 
342312 
248968 
787396 
172732 
88066 
91724 
800585 
933933 
87671 
56292 
983828 
736673 
861497 
751425 
3801 
935628 
711839 
627163 
741011 
827516 
310436 
998470 
951454 
839365 
380649 
889947 
168195 
907625 
6930 
830192 
920102 
710250 
237721 
26155 
151734 
198157 
472696 
448693 
359716 
970028 
649730 
692817 
398291 
905613 
788928 
289667 
22698 
233935 
169258 
48627 
239437 
272542 
833840 
891951 
61348 
356746 
510436 
165677 
825199 
248734 
590955 
250757 
646995 
929843 
897444 
292581 
18347 
308238 
333246 
763327 
70964 
510246 
26246 
164011 
480372 
909214 
912218 
286876 
982053 
537062 
907719 
845027 
299885 
866035 
539114 
778306 
829879 
571681 
404583 
597066 
860861 
541273 
190 
274229 
102013 
156696 
825284 
812973 
179371 
839006 
26291 
612269 
864590 
560336 
159981 
52860 
372698 
735283 
639555 
923590 
922718 
166471 
221398 
290492 
737929 
702147 
566880 
720577 
439603 
948894 
879198 
882685 
115234 
119802 
264237 
38386 
432514 
306220 
886752 
414130 
116883 
825188 
694697 
378941 
547734 
424743 
487179 
572672 
423532 
727238 
323818 
876619 
533866 
78319 
732873 
569149 
345587 
691311 
12130 
865714 
954344 
459295 
97050 
964184 
31760 
654306 
486343 
991114 
168420 
212317 
659930 
298505 
10412 
884597 
302465 
830828 
273724 
298720 
975638 
877635 
435810 
266927 
418769 
856748 
262573 
724373 
364531 
400968 
478546 
788090 
142546 
780942 
799648 
463770 
939757 
208522 
41194 
267769 
689640 
608897 
805487 
490347 
197408 
997361 
820107 
936432 
346309 
992151 
715963 
710696 
54908 
744626 
141031 
688990 
223851 
86194 
809078 
896347 
975661 
63656 
292307 
924569 
467055 
872899 
806526 
358974 
90810 
397534 
860220 
512934 
711747 
361408 
674830 
42744 
947629 
465221 
241132 
712004 
503533 
149550 
340433 
9999 
510111 
787609 
878013 
911245 
990111 
110138 
26290 
163895 
675428 
506477 
431733 
424741 
353683 
464051 
315583 
366897 
33517 
305259 
824165 
870318 
864744 
862442 
690881 
264971 
262461 
945048 
353800 
280507 
901787 
762413 
255567 
969954 
763538 
144217 
872646 
303635 
49562 
380521 
994450 
900674 
789764 
696456 
724882 
578029 
376581 
448434 
994531 
324102 
214126 
27271 
291038 
148148 
688356 
292863 
242674 
612933 
330346 
218873 
42625 
294779 
212321 
24314 
302632 
521877 
377334 
280089 
123217 
147747 
746246 
551578 
106627 
749077 
852653 
420984 
72789 
208390 
519932 
50387 
660890 
846782 
734979 
455434 
669215 
631901 
325450 
658847 
543183 
888830 
17022 
146137 
109512 
276376 
599105 
283730 
920329 
687671 
595350 
688297 
745803 
371813 
207428 
777186 
530390 
502970 
694032 
97118 
389561 
267034 
369681 
661378 
735933 
862186 
525826 
707791 
588884 
787268 
551621 
860384 
465801 
811829 
737887 
37807 
151643 
239184 
328251 
812619 
513738 
117953 
275312 
700707 
932213 
763319 
632834 
859878 
813224 
340601 
582139 
887132 
313113 
614474 
338063 
778758 
669045 
583063 
22588 
572386 
862322 
745275 
451964 
862433 
553283 
904006 
68405 
983384 
212185 
910541 
246541 
403718 
534855 
350348 
297323 
759584 
881038 
834757 
724998 
741547 
6992 
300552 
800853 
782516 
778949 
815695 
78798 
504231 
167149 
592454 
947333 
207930 
461097 
761177 
367227 
92929 
397260 
721654 
65883 
332194 
612940 
558851 
418885 
674035 
359983 
738380 
590519 
324581 
561586 
539973 
442378 
97874 
771026 
597902 
70166 
626316 
188773 
927606 
567911 
939582 
766666 
14725 
978898 
557974 
737860 
892840 
736927 
747209 
214897 
386797 
844745 
452630 
261355 
741352 
380645 
100340 
888738 
816989 
473631 
86976 
63790 
223831 
194460 
535720 
613123 
232840 
56932 
541080 
290567 
179751 
483472 
841122 
956985 
610418 
898601 
571042 
556520 
272699 
145901 
479927 
514128 
857708 
135673 
437360 
928346 
572601 
299346 
481946 
679032 
92412 
873428 
490011 
37267 
617673 
85113 
492159 
325615 
872962 
355591 
474427 
105756 
901586 
539734 
611361 
259314 
595742 
458563 
476794 
702659 
266594 
758980 
477525 
826659 
57788 
122980 
851696 
407289 
198092 
137742 
943325 
877659 
174394 
336344 
425208 
477845 
714731 
67618 
380839 
850079 
67639 
468745 
143818 
407073 
786704 
262136 
76493 
49712 
296040 
566986 
691868 
263199 
130247 
640549 
200758 
310399 
62070 
605821 
902690 
971303 
16048 
43656 
667438 
987265 
168679 
826155 
582799 
493806 
46510 
203859 
73848 
71808 
856466 
167003 
38721 
663781 
283691 
547177 
712586 
580799 
435708 
95146 
213476 
273058 
777704 
617547 
499163 
899403 
107069 
15419 
412943 
451099 
287109 
852999 
355233 
376447 
527557 
421779 
642923 
201562 
669419 
132377 
427274 
290914 
24882 
610859 
133585 
899704 
561900 
476222 
614934 
743417 
957858 
66190 
529107 
450100 
412132 
244841 
80952 
625165 
813291 
554656 
955081 
333185 
725380 
783310 
685420 
759945 
865560 
737474 
560704 
731569 
824971 
546578 
344096 
188149 
549328 
121517 
109233 
791436 
822717 
559391 
91363 
147541 
372927 
349088 
581644 
898892 
545499 
727183 
743060 
195423 
183759 
353586 
665365 
534880 
315409 
324381 
834448 
819570 
118509 
983947 
151132 
230859 
672571 
6031 
984895 
219316 
324307 
156757 
336056 
261301 
794446 
671935 
153675 
15378 
266623 
363271 
536260 
895132 
53185 
449700 
852428 
789297 
733366 
371726 
617770 
424627 
270902 
473812 
860058 
172197 
853856 
412002 
861421 
675348 
538078 
750262 
348902 
512145 
911048 
776826 
237090 
441393 
26532 
872193 
91723 
390923 
193216 
156007 
172145 
187240 
819303 
66277 
51608 
641401 
