134789 
785689 
708737 
123724 
261804 
729484 
820709 
662842 
592794 
688630 
330662 
802086 
209674 
369554 
385381 
825568 
421232 
947725 
399565 
607958 
305551 
234755 
478082 
895373 
750541 
293214 
588015 
375161 
974693 
78110 
408700 
199415 
668852 
336896 
921620 
349886 
165209 
347528 
939744 
177027 
876033 
901151 
416081 
670779 
174573 
891377 
87385 
721041 
567766 
977569 
714632 
745042 
310773 
593339 
406008 
933720 
416616 
373443 
389170 
558621 
688650 
870564 
697367 
217908 
258208 
632725 
615706 
569639 
223116 
184536 
477644 
740092 
718268 
967479 
933659 
102825 
715725 
869894 
972169 
899294 
249054 
813254 
429905 
694726 
789215 
592767 
561321 
326036 
233039 
528626 
314535 
776098 
996858 
608397 
755395 
149662 
515017 
401810 
152976 
260797 
718893 
691690 
7211 
690329 
729309 
763986 
672118 
697249 
513904 
896360 
544544 
949018 
751669 
500086 
730624 
832797 
779026 
574012 
370075 
801713 
849412 
119148 
633993 
694402 
629749 
312478 
486486 
544050 
699737 
694127 
689325 
386180 
1760 
217232 
211896 
758690 
518672 
217292 
899296 
592499 
933037 
639616 
494927 
457576 
675210 
599608 
491951 
824589 
812920 
284612 
573498 
739318 
136697 
836833 
780152 
910281 
980141 
867201 
828735 
564767 
309609 
335119 
8302 
314654 
335691 
39253 
919426 
46453 
461757 
456213 
857348 
25713 
752792 
28712 
457552 
282338 
404634 
998803 
197574 
186145 
501123 
566031 
811242 
448784 
297509 
801472 
185806 
764048 
74967 
775490 
56761 
732746 
89118 
275593 
468734 
550925 
43624 
165938 
392520 
947289 
156641 
560609 
242220 
182365 
465488 
610230 
942775 
144145 
976496 
38180 
464410 
798711 
415617 
550747 
326714 
222852 
313460 
20648 
182123 
240167 
973889 
896454 
921786 
146014 
432202 
158033 
563402 
920456 
442694 
697384 
590007 
215857 
296152 
716265 
651746 
754842 
529333 
702184 
696365 
109437 
763055 
325635 
317161 
625250 
796730 
468297 
189849 
273145 
618611 
796171 
391547 
125827 
601024 
519603 
97180 
291201 
896648 
602149 
34913 
771648 
575917 
440189 
225958 
466791 
808254 
584795 
251872 
484342 
296085 
188907 
711463 
492831 
778290 
872062 
231762 
201740 
24958 
743369 
806245 
667202 
703640 
431524 
438073 
536745 
328284 
848733 
291230 
721134 
120676 
958770 
25009 
309601 
127339 
577237 
145562 
241152 
941322 
813630 
954193 
314768 
952686 
556914 
758107 
554114 
594977 
355860 
36318 
177609 
175937 
401129 
602381 
685181 
802207 
286457 
126570 
41938 
915467 
733453 
197722 
397476 
136695 
887083 
747694 
857883 
87311 
884561 
275023 
309995 
446810 
341997 
755852 
446829 
204199 
344330 
293070 
106355 
376923 
673801 
366488 
900502 
362822 
449273 
405865 
251118 
949443 
171945 
517586 
376051 
158229 
674380 
920379 
784978 
988142 
947115 
379936 
183348 
674337 
63967 
886012 
832418 
933266 
149496 
519806 
510252 
226532 
701673 
57374 
545275 
955788 
484725 
874813 
748311 
187728 
680531 
966958 
531154 
781137 
314196 
333215 
167339 
666788 
531337 
522477 
556181 
724765 
360478 
744388 
574162 
751506 
564763 
312052 
731319 
284301 
563959 
730071 
993308 
508555 
144726 
35246 
481376 
30867 
972660 
4163 
925435 
746359 
730110 
877342 
191629 
727739 
144251 
95355 
77060 
169366 
599315 
157813 
332327 
115191 
503562 
7057 
596662 
883298 
795722 
282949 
613674 
296622 
539642 
997687 
657053 
974359 
662131 
888460 
262066 
680607 
764665 
600904 
933567 
951989 
529465 
696267 
71905 
231937 
300496 
492641 
38510 
32360 
179186 
761022 
995227 
946395 
872623 
565708 
755417 
661474 
650152 
722874 
707181 
950296 
932535 
384844 
278798 
720786 
241423 
890874 
677887 
994268 
964004 
366720 
214550 
530598 
414787 
558279 
486861 
524989 
349305 
374217 
913461 
408452 
8374 
805182 
485072 
443692 
833266 
618105 
609870 
999292 
675012 
949982 
141202 
68895 
884839 
726032 
134449 
378574 
242885 
138223 
586135 
628685 
70291 
264544 
859093 
