213270 
586501 
551667 
260787 
397289 
170120 
327544 
132602 
82525 
432778 
973189 
235174 
431198 
344668 
814995 
618548 
461802 
353308 
674582 
764896 
363199 
942229 
895807 
761973 
336049 
526059 
326587 
395068 
427832 
314953 
811601 
86504 
24629 
134609 
379932 
724854 
144251 
815213 
417032 
171664 
835918 
508411 
592220 
304468 
16373 
971063 
211781 
358424 
928613 
970819 
229202 
615100 
604393 
149760 
16500 
762782 
317611 
287653 
679590 
843351 
882211 
519769 
318698 
141272 
929568 
984498 
111148 
207839 
121441 
752267 
272633 
43662 
247803 
753463 
897624 
830506 
710609 
683992 
357972 
567103 
724707 
196393 
400143 
52230 
160227 
412136 
702123 
791479 
245197 
307595 
36662 
26417 
367673 
494974 
286941 
738286 
36479 
598409 
92216 
827720 
