141082 
128805 
27172 
683210 
390267 
775031 
828290 
981522 
427102 
822138 
894077 
274262 
322834 
973314 
430398 
25942 
260192 
566498 
453055 
967696 
296946 
353345 
406791 
359935 
246367 
383212 
899368 
72156 
697664 
46520 
205552 
486390 
289573 
154503 
237641 
529261 
940691 
468326 
456875 
155598 
722075 
465311 
491401 
24826 
356801 
730144 
990870 
938699 
134258 
210304 
25660 
782748 
806919 
311665 
364677 
782973 
332835 
267600 
85638 
797652 
448412 
459912 
344898 
654496 
941184 
475853 
111816 
438305 
23568 
565799 
132236 
406636 
380542 
858420 
853973 
586003 
544775 
648121 
566415 
787312 
698024 
276259 
404461 
725538 
42092 
877938 
299548 
364929 
522052 
235513 
88466 
724020 
831831 
650662 
278859 
792629 
747377 
837872 
955886 
295945 
584427 
379173 
457435 
729423 
280839 
324098 
730977 
758125 
624450 
610443 
908591 
438450 
772299 
555597 
8251 
457741 
20043 
280844 
538465 
441616 
599627 
9764 
537933 
954902 
214149 
527160 
508586 
976895 
43481 
70099 
335176 
911203 
378274 
148676 
212272 
934067 
447497 
764267 
174134 
134757 
989612 
644247 
960030 
99977 
869589 
570668 
630556 
568127 
935350 
793722 
666656 
296081 
37532 
217012 
374322 
322764 
877565 
83319 
939387 
390402 
60108 
821827 
562550 
996377 
98753 
490712 
223658 
16070 
497379 
406582 
341508 
855357 
151342 
840762 
637775 
701819 
501067 
516980 
588140 
371536 
996145 
365206 
985604 
622404 
781064 
403274 
206841 
6153 
390229 
253866 
70688 
179367 
247495 
335105 
202131 
207943 
140803 
535638 
225631 
405651 
690263 
877621 
526498 
82 
655987 
946771 
629185 
193492 
395928 
96212 
340900 
245625 
514542 
766683 
490514 
786814 
29091 
205983 
551788 
89262 
777819 
586205 
907447 
35548 
830379 
48746 
761624 
424991 
484660 
918934 
984115 
921354 
639336 
988798 
128956 
451714 
521225 
845844 
809843 
11167 
976222 
55083 
636536 
624410 
784189 
282904 
170636 
998871 
272028 
592516 
859147 
256665 
965916 
131799 
394950 
980240 
759640 
851193 
739312 
250930 
539182 
664639 
26882 
604319 
54599 
885467 
216992 
247840 
941311 
799108 
903774 
27515 
81027 
660120 
415763 
310625 
366324 
306766 
368444 
828899 
708830 
526621 
383971 
397768 
845750 
670934 
955792 
777373 
125623 
116258 
858133 
781085 
926499 
643322 
616261 
275389 
386612 
693332 
742429 
795855 
568904 
299007 
966316 
920867 
588901 
326912 
352062 
293804 
363262 
864390 
741813 
218859 
80862 
992184 
885981 
881539 
776628 
29694 
478894 
501607 
557672 
186724 
58242 
160178 
463466 
564053 
114211 
448829 
225269 
880560 
558255 
92678 
403792 
681964 
62305 
235071 
255728 
354008 
675566 
320600 
860127 
318899 
318349 
187534 
41163 
220708 
745757 
488340 
411256 
728045 
194377 
687308 
68288 
344217 
104475 
445728 
595351 
892788 
303381 
757000 
910857 
451102 
601198 
398469 
559469 
81378 
798173 
937471 
793079 
395192 
977831 
478113 
637438 
416853 
318599 
968248 
802378 
90032 
103157 
985554 
485600 
428005 
719589 
478652 
891455 
987168 
545628 
442446 
831273 
492316 
876742 
138253 
112237 
676969 
750293 
309375 
365034 
217887 
686024 
394630 
377344 
900088 
279585 
542894 
666437 
831641 
887067 
606721 
93332 
26766 
244930 
201818 
807790 
984783 
125744 
943111 
990321 
177188 
977521 
133365 
652445 
269734 
628964 
70189 
142949 
873940 
460440 
59479 
951741 
508343 
357702 
92247 
759398 
600709 
54182 
319556 
140175 
526813 
166930 
881977 
492983 
504180 
209857 
15312 
575330 
734818 
860711 
366612 
518742 
72432 
769794 
570861 
541178 
359801 
414979 
479560 
757146 
476995 
761250 
68353 
992115 
153708 
706421 
978854 
270879 
706265 
541085 
334608 
307671 
721982 
243069 
236691 
374717 
922348 
979474 
958550 
792995 
281181 
839612 
137367 
493935 
781547 
117145 
117662 
940880 
218203 
569939 
284080 
495786 
114442 
277657 
428608 
118916 
874740 
460505 
924095 
714297 
439458 
223267 
835803 
