634530 
829494 
752678 
628412 
760397 
615653 
18274 
243923 
841223 
464540 
136618 
434928 
608620 
338591 
490213 
172492 
974590 
712549 
937580 
535690 
721684 
817808 
266478 
244225 
650865 
789261 
811047 
360438 
740791 
322354 
273102 
931286 
707259 
225047 
83662 
221221 
998696 
113432 
443813 
430888 
980341 
437323 
520550 
709481 
922991 
774600 
394300 
54476 
232728 
730569 
668098 
668215 
294024 
230516 
157833 
239671 
134718 
148197 
678998 
622996 
827933 
253139 
319896 
696335 
582168 
599757 
913374 
403058 
807677 
125540 
648028 
459723 
647493 
398696 
976908 
333598 
301850 
156069 
561095 
479297 
800291 
835333 
74122 
858167 
462103 
308438 
879950 
22074 
642491 
813 
787750 
109845 
575191 
815125 
708156 
109180 
172863 
52894 
449286 
381677 
948117 
125618 
71165 
971341 
669755 
997788 
426602 
703165 
689292 
189934 
498646 
56551 
505684 
622033 
726291 
14490 
175015 
108088 
361876 
834363 
433758 
255057 
697683 
793182 
572846 
445823 
88976 
153693 
972500 
509982 
184818 
718359 
290032 
483631 
142734 
960365 
698049 
8603 
220963 
610904 
477329 
450134 
602560 
276101 
738012 
551238 
194770 
215646 
322356 
854699 
787767 
379206 
225043 
400249 
699591 
540170 
107333 
775027 
648764 
684126 
318137 
73786 
471378 
943944 
9007 
68359 
789636 
686692 
629595 
697935 
839874 
659046 
801661 
694277 
990374 
46650 
357051 
832748 
892672 
269779 
793895 
292627 
887542 
997057 
748524 
170627 
978505 
60833 
355047 
246434 
234802 
823119 
301746 
648771 
503390 
365612 
598979 
149466 
227802 
333149 
279471 
899762 
757295 
598611 
815684 
655427 
411645 
545995 
192842 
350846 
858567 
624747 
374458 
469542 
100628 
232442 
877562 
572194 
83070 
682599 
259084 
4073 
176017 
724327 
762170 
346496 
730008 
971122 
595358 
226108 
9433 
917492 
36295 
375013 
798929 
220804 
689482 
169612 
377120 
431247 
430431 
96936 
910839 
641510 
228708 
540295 
668253 
617590 
892441 
24804 
335141 
848849 
981930 
315671 
537987 
309585 
698562 
633332 
667321 
393171 
404651 
299235 
772454 
443551 
671710 
687074 
97326 
122237 
340842 
209202 
947640 
422574 
562219 
907306 
415473 
906286 
840047 
342286 
459377 
440993 
319391 
631423 
55419 
98820 
173942 
460168 
616761 
801363 
402503 
217544 
920160 
217008 
683125 
205102 
124522 
756865 
85110 
975919 
795293 
64028 
834807 
986735 
319310 
314963 
252767 
689543 
883384 
104293 
305407 
947134 
791420 
241097 
487630 
102229 
903193 
489219 
692833 
955184 
743978 
849525 
880544 
683412 
189925 
795170 
197999 
222725 
736612 
319044 
245009 
547742 
64455 
16870 
123435 
67530 
625521 
868552 
372763 
982876 
346709 
836303 
903258 
526350 
76036 
206752 
80228 
445455 
486301 
435403 
172442 
781487 
799527 
805232 
634556 
13648 
584982 
783027 
722897 
940690 
189108 
110596 
768619 
404984 
845935 
219669 
769727 
627222 
532290 
414008 
644419 
610751 
730114 
931310 
170881 
47448 
304430 
901021 
786404 
387783 
239137 
761723 
565145 
457703 
28812 
695645 
614433 
708811 
865989 
311815 
940747 
150493 
446464 
380057 
119101 
636900 
129044 
910540 
709461 
889983 
752792 
139246 
653253 
523562 
481474 
743801 
675972 
430325 
198725 
190836 
178916 
872553 
610984 
631828 
121631 
682569 
703756 
943388 
530747 
872208 
154269 
330108 
459551 
645342 
151483 
694482 
805654 
218638 
444211 
265739 
625340 
458635 
74463 
990179 
710950 
94970 
270350 
351921 
998267 
966122 
634386 
746895 
453169 
202548 
459567 
733921 
923505 
990763 
168267 
177806 
999870 
113345 
296016 
3178 
951216 
332993 
271592 
551528 
386458 
143685 
52558 
355862 
592647 
532362 
885721 
680888 
630211 
215683 
821370 
786495 
212781 
285248 
316000 
73648 
407809 
687046 
103247 
475637 
782577 
663704 
889627 
126376 
767404 
109011 
668282 
320562 
564373 
699442 
5023 
965955 
870203 
616897 
569200 
927269 
516787 
29576 
338687 
934924 
608833 
633700 
328949 
353582 
313763 
853782 
74915 
653379 
156586 
543105 
328901 
62799 
977155 
638542 
372488 
912274 
275523 
728697 
476495 
393619 
439877 
416811 
94784 
830573 
605972 
483833 
831562 
137981 
339064 
991898 
918463 
112738 
336570 
793309 
821357 
258557 
751199 
108559 
738514 
83839 
13059 
362923 
134612 
752275 
851018 
467048 
200029 
101777 
552656 
268616 
235314 
55708 
273666 
381654 
483825 
646694 
248520 
971095 
201445 
411089 
281960 
728067 
139951 
557575 
831989 
706588 
687358 
650672 
153482 
255448 
456065 
833164 
241651 
296224 
370151 
339614 
902897 
399846 
568277 
389161 
203362 
370006 
229234 
517031 
526188 
29254 
93 
814437 
258656 
686193 
340953 
133432 
552609 
821798 
654284 
556262 
604743 
440910 
872137 
818008 
708442 
876888 
879952 
894706 
486043 
484806 
852063 
741055 
230987 
969619 
553663 
247124 
38388 
662271 
163448 
51962 
188767 
540290 
29647 
529079 
635087 
280656 
262155 
184896 
551736 
844946 
989583 
172138 
499394 
549405 
805221 
540945 
503771 
993447 
925283 
88082 
253384 
588118 
623869 
752707 
265258 
597378 
677742 
373943 
439817 
38964 
241672 
341533 
277636 
927703 
627156 
997701 
758535 
383538 
298236 
801965 
576919 
43579 
81945 
656878 
822878 
495319 
299551 
877547 
858388 
919979 
699444 
439487 
729143 
438840 
733406 
579083 
764374 
6209 
484364 
329051 
889564 
235158 
497592 
411963 
460811 
285190 
679819 
256188 
405901 
6258 
386745 
774677 
340658 
677518 
36782 
897418 
864673 
536661 
506699 
433687 
905240 
94126 
826964 
72094 
511528 
494640 
207983 
738837 
431955 
578320 
960461 
114338 
776816 
724429 
657829 
662656 
954456 
8754 
914585 
525431 
860518 
429902 
395080 
152048 
16824 
219424 
897126 
639982 
731270 
200410 
855489 
964024 
642713 
291619 
70129 
538065 
53008 
826439 
36572 
402921 
641159 
502024 
902199 
308110 
246437 
424383 
672946 
216596 
384731 
872582 
877920 
412530 
664225 
106077 
774887 
912444 
226218 
990504 
265061 
715872 
745758 
424246 
919287 
645068 
512730 
677846 
401704 
776177 
925310 
628470 
283658 
274128 
994652 
751366 
33084 
631215 
801365 
944173 
647726 
259238 
915095 
66583 
8461 
611481 
514025 
149185 
589946 
254297 
25240 
154468 
156548 
949686 
304711 
780795 
329844 
230834 
914061 
32290 
513846 
329708 
116361 
755415 
666933 
27181 
833089 
729425 
349277 
570435 
819126 
690454 
207574 
537946 
429102 
273086 
211941 
989516 
105866 
472196 
80404 
452630 
568020 
415751 
597028 
125 
390784 
99939 
74296 
207642 
548780 
697051 
850231 
8538 
207426 
977140 
941649 
652179 
745537 
20357 
978890 
714476 
156981 
925516 
265072 
149883 
611257 
724651 
687465 
454051 
873646 
51805 
462982 
229959 
572732 
989033 
14698 
571007 
104355 
912687 
195076 
417434 
5091 
140718 
531071 
131269 
495685 
223434 
83910 
625308 
295120 
213887 
244271 
568248 
118168 
949208 
620882 
289138 
550211 
971297 
489393 
441912 
794504 
583840 
845147 
152763 
435169 
718613 
323095 
958344 
830727 
514907 
956913 
289639 
888309 
213829 
138717 
736131 
557847 
564916 
36852 
539247 
382005 
253851 
519651 
159538 
171261 
377887 
506200 
570713 
179086 
806990 
890098 
900886 
67027 
185233 
674104 
151935 
178692 
144183 
767522 
220193 
997689 
298135 
105723 
241165 
266150 
951478 
387813 
580635 
438983 
582438 
375346 
526250 
344091 
478052 
704011 
520011 
150348 
474232 
589326 
105592 
310828 
263009 
321753 
556223 
719776 
12071 
725253 
792307 
288647 
168194 
505641 
546026 
825991 
435150 
853505 
252347 
802731 
128106 
723438 
131085 
167462 
409778 
123630 
634808 
922410 
151886 
900909 
567344 
13474 
228144 
485358 
53904 
990963 
753959 
968120 
909244 
338678 
746776 
137089 
466668 
448636 
485550 
427534 
837428 
489603 
171173 
522485 
734028 
594461 
545939 
355543 
93748 
933919 
138850 
702016 
109305 
174223 
918820 
500025 
351272 
780933 
591137 
183583 
533880 
956473 
65850 
525135 
938493 
