969927 
484807 
194321 
128269 
842050 
188458 
712141 
856341 
498575 
241797 
636865 
844214 
459423 
964267 
965132 
421867 
651357 
923077 
492174 
800972 
154099 
362352 
249781 
739578 
287470 
5349 
119729 
754388 
864943 
33071 
740404 
577932 
998947 
978628 
451042 
516251 
566759 
156084 
734907 
114189 
108498 
575667 
376017 
261474 
192093 
423598 
524920 
560275 
789037 
842371 
396536 
2142 
165917 
27026 
643198 
278857 
12949 
312017 
206593 
1282 
766185 
527229 
323521 
472970 
689461 
931100 
537984 
621967 
394971 
281304 
826311 
58557 
34899 
557180 
598393 
329501 
135324 
881080 
965437 
564568 
431062 
265320 
815042 
369188 
73582 
355923 
542813 
477279 
927571 
874062 
311184 
601316 
972356 
359851 
518285 
599186 
373528 
329704 
546615 
301029 
