439741 
890255 
286952 
218427 
70295 
417178 
958512 
821545 
662653 
11260 
236297 
657514 
599690 
667361 
538659 
602722 
314916 
937729 
908648 
989217 
693591 
981826 
759476 
275182 
286959 
786475 
310843 
92493 
783335 
731871 
126061 
433255 
114922 
432395 
293835 
557712 
212129 
123007 
673532 
772553 
849246 
394293 
61609 
269480 
735369 
446300 
899507 
553334 
680457 
452565 
981946 
647625 
827080 
5254 
295573 
883745 
940832 
749914 
694747 
811976 
191503 
880136 
381244 
781612 
203873 
814387 
534937 
554069 
907844 
213837 
920551 
331009 
763011 
409056 
843147 
418084 
994108 
435233 
850469 
634733 
478488 
493985 
125085 
292675 
55784 
206500 
313023 
710188 
34847 
422451 
5667 
809286 
350578 
8610 
523961 
648969 
316505 
656472 
76708 
394873 
