429254 
811078 
916558 
129029 
875160 
860404 
800560 
254148 
247844 
986640 
809871 
751574 
488051 
445730 
733898 
579755 
292317 
895519 
806235 
763006 
11345 
991338 
147584 
251186 
293710 
643109 
615809 
332744 
414123 
100131 
817576 
403328 
294113 
775823 
466813 
349874 
377894 
441430 
810144 
263145 
434848 
211626 
900792 
699066 
344286 
525025 
545508 
845388 
602833 
786164 
70485 
278639 
246683 
64246 
919358 
891544 
457791 
697771 
522176 
128168 
442399 
277204 
43417 
672739 
881595 
890582 
599118 
406874 
708635 
841234 
769304 
810946 
522726 
906133 
25520 
7783 
766937 
679076 
610499 
870989 
157409 
401715 
538020 
678626 
725971 
859479 
634203 
729614 
149571 
385380 
166198 
372943 
319410 
829486 
330738 
418971 
370512 
464267 
209791 
930664 
990260 
289280 
400812 
450567 
391562 
752710 
782900 
980809 
315359 
237582 
822403 
45636 
510396 
197436 
634749 
522360 
483012 
90542 
62128 
865685 
20598 
993369 
822906 
303069 
714102 
645642 
12711 
478222 
938989 
921830 
961008 
410481 
439095 
734492 
733438 
979019 
215070 
211950 
854582 
2929 
458248 
409959 
877940 
886261 
174247 
925568 
523037 
317997 
919592 
738309 
240510 
920510 
942728 
748245 
149990 
175469 
655773 
585386 
789420 
58817 
576344 
579471 
987728 
290873 
854908 
967814 
104937 
757126 
918578 
712800 
834814 
103255 
790358 
753034 
878278 
801278 
54985 
973559 
603879 
297660 
958544 
530294 
525062 
618271 
773311 
608625 
602639 
33213 
538510 
79737 
764923 
281444 
289787 
679013 
809898 
861548 
777317 
969469 
85205 
41563 
416646 
345647 
865566 
157894 
545953 
408468 
619950 
646679 
660102 
597930 
943719 
973441 
240937 
364528 
275366 
239414 
141488 
802131 
202302 
827267 
128734 
359670 
106606 
631160 
900444 
107463 
306467 
623324 
423352 
429874 
70442 
110890 
447502 
35915 
223174 
235949 
332141 
284166 
293431 
129539 
829246 
359844 
689113 
702175 
857746 
286780 
185853 
500468 
144679 
622399 
443997 
988847 
299310 
691853 
210568 
955389 
48184 
587602 
189869 
343742 
4006 
26392 
308884 
846161 
38047 
175028 
411152 
247924 
586281 
798028 
393016 
154195 
977282 
280272 
185456 
858283 
639136 
812271 
637696 
2421 
194432 
541031 
510047 
950717 
287935 
949549 
994904 
816061 
134769 
654110 
39333 
189422 
221869 
243662 
83377 
760497 
786705 
718789 
306751 
134675 
658815 
296914 
314263 
866912 
814163 
25298 
147245 
266712 
643233 
833038 
620633 
680675 
998823 
231611 
220664 
86667 
153578 
774261 
422763 
560658 
356286 
850802 
175009 
966647 
41840 
542310 
637145 
578893 
374528 
298067 
535829 
452893 
862243 
700650 
840268 
209018 
663200 
503857 
161100 
607107 
559414 
160160 
682978 
894350 
760088 
489208 
551424 
33815 
869445 
730393 
341944 
907194 
586010 
964494 
187649 
388761 
964337 
470275 
559946 
966722 
110356 
960597 
983870 
357429 
663848 
277332 
560044 
816617 
569204 
171244 
694104 
780512 
345252 
953036 
690060 
44979 
212356 
973638 
747841 
995281 
298947 
243272 
942880 
308385 
612006 
419829 
587082 
278477 
420766 
544430 
60134 
332497 
13346 
356182 
70989 
309917 
347642 
756365 
736241 
234015 
618410 
775180 
581846 
434302 
912657 
287920 
857883 
538498 
146444 
567752 
271165 
541110 
912529 
454386 
745097 
567529 
199431 
709705 
357723 
461851 
101029 
890223 
876148 
477001 
595628 
808290 
796631 
930557 
647025 
856772 
853149 
370046 
155114 
651154 
686926 
195179 
789253 
592078 
717587 
577618 
835842 
521683 
910778 
929463 
739640 
749334 
39289 
399438 
823823 
816268 
791366 
343272 
74960 
749542 
723593 
806385 
996794 
687627 
419989 
416125 
422837 
955780 
505786 
928938 
163817 
213642 
359555 
39552 
496517 
274952 
57756 
285364 
483293 
468122 
646383 
127705 
451601 
48381 
787306 
530541 
646736 
922175 
671444 
567679 
945558 
244213 
742657 
845631 
892772 
511908 
626785 
320216 
215217 
798658 
704128 
189423 
90942 
126435 
464112 
801110 
486967 
166485 
78443 
367135 
649905 
113180 
257743 
583675 
880820 
498099 
782351 
777690 
869679 
146027 
724339 
975312 
428742 
700120 
867728 
232731 
3755 
910705 
985960 
451738 
914442 
770618 
37429 
748804 
278181 
494183 
231444 
847926 
978631 
932257 
768866 
985288 
545415 
41935 
323899 
327437 
881915 
701237 
913801 
461051 
538551 
518913 
338069 
204827 
422876 
893707 
601078 
64675 
983923 
52143 
289251 
434527 
770465 
657396 
948934 
636232 
179665 
711401 
765587 
464964 
291755 
793035 
227531 
52472 
553505 
651168 
724914 
724303 
263005 
116363 
525794 
929452 
163933 
256306 
927779 
213935 
864410 
591961 
231451 
372133 
683420 
274563 
438803 
731231 
439173 
180688 
806941 
722781 
437116 
870508 
119847 
735955 
432182 
81617 
31350 
761051 
410675 
984198 
618607 
425254 
734301 
201673 
541193 
448794 
728543 
418138 
639277 
938304 
839509 
150852 
941889 
494163 
97555 
20685 
176568 
662530 
669248 
867784 
703346 
301454 
564578 
401160 
782439 
678989 
643890 
298342 
430177 
967367 
690539 
86296 
465667 
406093 
543309 
991635 
288734 
202112 
576973 
876002 
364003 
8132 
255332 
468846 
732380 
169711 
770045 
792538 
163180 
97791 
519430 
594994 
381435 
281876 
179428 
360222 
133976 
233956 
361681 
404085 
641839 
228261 
871606 
180963 
727071 
874330 
647556 
214667 
812184 
583787 
666275 
796535 
477070 
450221 
86136 
295334 
904209 
416231 
492992 
19163 
507894 
686076 
140942 
68927 
217838 
115051 
811055 
991905 
339030 
618587 
299043 
437906 
586898 
885475 
46098 
48681 
272234 
74767 
363389 
336417 
967384 
643373 
319900 
571231 
526078 
570854 
332187 
330495 
564655 
698829 
91938 
41266 
872015 
325094 
586686 
238453 
229509 
285743 
27593 
375559 
808148 
233379 
198614 
432362 
88410 
37697 
712366 
305729 
577672 
272581 
280467 
125979 
203519 
937792 
311557 
79210 
83294 
601737 
648171 
619956 
703586 
11231 
518944 
584206 
441152 
382793 
343014 
804827 
16605 
890264 
879505 
408148 
900983 
836339 
502850 
667082 
690768 
769450 
201942 
138674 
833333 
30631 
164685 
634645 
551326 
780461 
648664 
51250 
73285 
354816 
100339 
420605 
703607 
251126 
635898 
604203 
181832 
859056 
956809 
96779 
647528 
252032 
859082 
206165 
625880 
300561 
123341 
340043 
669155 
938201 
43107 
9814 
676536 
234700 
422879 
72246 
150852 
96150 
807441 
95921 
746379 
90544 
593757 
422401 
517171 
133728 
277594 
441809 
55637 
212086 
522341 
817853 
216736 
484579 
510745 
880605 
716161 
969345 
902829 
233448 
442825 
547832 
270548 
901093 
549901 
263984 
626843 
171102 
36248 
892376 
102552 
101170 
553374 
261494 
268250 
52646 
2080 
708243 
791295 
663075 
167462 
404061 
276797 
936702 
534872 
15895 
810176 
606416 
840341 
672687 
390249 
763968 
139436 
751332 
782713 
174374 
299874 
204610 
903690 
306388 
858709 
954717 
3813 
700809 
415283 
309360 
158455 
978380 
414321 
942073 
218039 
685518 
894268 
420326 
765313 
915941 
127869 
349635 
408566 
11654 
274642 
529880 
168839 
75642 
632135 
532822 
189278 
10483 
992933 
956479 
290340 
351642 
514065 
376478 
763986 
821921 
754993 
726908 
777890 
265568 
171673 
165877 
510223 
835411 
814772 
656589 
84732 
693909 
842409 
602556 
816321 
788896 
555696 
721946 
53636 
653803 
572164 
152199 
351958 
971486 
742987 
943437 
768364 
918447 
800719 
385979 
447457 
562367 
900641 
717024 
4425 
582812 
4418 
431837 
664958 
310948 
628606 
118588 
568462 
925723 
240848 
37312 
378304 
794410 
630520 
49322 
287336 
280599 
773300 
656457 
781759 
522646 
356804 
463258 
451958 
922884 
669420 
306262 
770130 
583743 
541761 
160666 
472301 
276274 
620318 
519538 
738455 
664771 
820120 
661374 
851938 
216249 
873991 
980478 
599666 
798230 
546864 
494120 
611353 
900685 
584926 
289027 
958012 
696592 
667324 
343942 
155858 
10718 
44093 
695325 
5071 
198269 
44600 
418872 
530397 
579104 
427128 
844966 
