937980 
359151 
766180 
469039 
736779 
113287 
318811 
505136 
867119 
358021 
526628 
145717 
791957 
135637 
844865 
39525 
159565 
435458 
521780 
793352 
658667 
736615 
492094 
904851 
709310 
833404 
146523 
12939 
810793 
363233 
441874 
257887 
178180 
380525 
416500 
272570 
321237 
622632 
31716 
214404 
36560 
327785 
565603 
755004 
431888 
53950 
13705 
164217 
393932 
275318 
394775 
793736 
771033 
139859 
416804 
619364 
199671 
99750 
528305 
613492 
794234 
906384 
471266 
541217 
675339 
881741 
952590 
681517 
994040 
760892 
124212 
446648 
682604 
203957 
275506 
198202 
63084 
362488 
699531 
531524 
224214 
969369 
324950 
672737 
327175 
953133 
502576 
953687 
485484 
15109 
522111 
589085 
11842 
838651 
68262 
484812 
668064 
106559 
221865 
266885 
103813 
988333 
19798 
939301 
362501 
711909 
625871 
430012 
474258 
888411 
221061 
675973 
573917 
507617 
666730 
917735 
926685 
531684 
28612 
657155 
879512 
269245 
508964 
990999 
683464 
278637 
618171 
305898 
992380 
196168 
724381 
981131 
268908 
620217 
750496 
887769 
811888 
370566 
367858 
963208 
409660 
890054 
4115 
331504 
215596 
687809 
609620 
295053 
363776 
268868 
184767 
804498 
512144 
395586 
64163 
154617 
738356 
548233 
49439 
166864 
615927 
304451 
805327 
748207 
195618 
779008 
605550 
335138 
528252 
935986 
888323 
847674 
68474 
46984 
231624 
466379 
541178 
292750 
758009 
612537 
252766 
112404 
315223 
743097 
206402 
288224 
883834 
799654 
127587 
825117 
285699 
853733 
821071 
65875 
650506 
605670 
137176 
699833 
294373 
498607 
594365 
262797 
367230 
658260 
670070 
186235 
683950 
254747 
199033 
23496 
698158 
665762 
635290 
899403 
727041 
869461 
800742 
262491 
94700 
5754 
745006 
621075 
155415 
650112 
847735 
387631 
464873 
805253 
335171 
360879 
971761 
898625 
17757 
990602 
885972 
896507 
50754 
220446 
710398 
456633 
120444 
986907 
836843 
873063 
226600 
275679 
527069 
460639 
296046 
544862 
770001 
156524 
894451 
540603 
838226 
978317 
909557 
763126 
819994 
404117 
716724 
833202 
535267 
497630 
600694 
448574 
704354 
288213 
404119 
681003 
998719 
11919 
619593 
704525 
236111 
949450 
406268 
58474 
201862 
619545 
603268 
363876 
621036 
141170 
285052 
497337 
261567 
409710 
250149 
497749 
155263 
338134 
872745 
321060 
760893 
520939 
564463 
334354 
610755 
987899 
633240 
784709 
1383 
50118 
139629 
12930 
880303 
165831 
712104 
217659 
141053 
342204 
745375 
65208 
991527 
893642 
567337 
481308 
310934 
831501 
176475 
128580 
303851 
667504 
115389 
681245 
994252 
300549 
123383 
892295 
37032 
694925 
663275 
317322 
186210 
862360 
356204 
166990 
529161 
944784 
127161 
431956 
659780 
600997 
828761 
602562 
565793 
684163 
701748 
734084 
689006 
57995 
969583 
313512 
615890 
310109 
278726 
670560 
139379 
408479 
200058 
300589 
833319 
562697 
368918 
869200 
417506 
345974 
654102 
466243 
731387 
680303 
487923 
103908 
180656 
260634 
628367 
975550 
257335 
309745 
485871 
794810 
161314 
92465 
537599 
232244 
12883 
703454 
834485 
35091 
846064 
835515 
595910 
578961 
380183 
960650 
310916 
915976 
445929 
678093 
171260 
579314 
485916 
226173 
842792 
506524 
758544 
32970 
359560 
347534 
748644 
703210 
437050 
551485 
226785 
680026 
836964 
814291 
243808 
611930 
926637 
91330 
22250 
999058 
568155 
773948 
683016 
60200 
346563 
934423 
41495 
977391 
437710 
587840 
743642 
274167 
245595 
967726 
460884 
884382 
814607 
830087 
952988 
848473 
39881 
945724 
54924 
672649 
581057 
408073 
921982 
236814 
707685 
121832 
292511 
953592 
156875 
791135 
84095 
177621 
913160 
552396 
854620 
501540 
873117 
724752 
311405 
546074 
393659 
685908 
547619 
175187 
873770 
765138 
559142 
592492 
251027 
982304 
723027 
95807 
447597 
366269 
468308 
41880 
399589 
958701 
249269 
360602 
73521 
965372 
46539 
115637 
623947 
287729 
734949 
913037 
297036 
325737 
32991 
650556 
364683 
551761 
530431 
225611 
311035 
407211 
689797 
815352 
897534 
167826 
55822 
52462 
137791 
314976 
45855 
977258 
217136 
130364 
220633 
725030 
308667 
566475 
703831 
660422 
393223 
314970 
116779 
747944 
300648 
360604 
882071 
975424 
166600 
351956 
969608 
956637 
75843 
265563 
509854 
17528 
367090 
773824 
168853 
884773 
533251 
671656 
143322 
195879 
481512 
723338 
531803 
585382 
54896 
971661 
736796 
528343 
903826 
989955 
935216 
38660 
103246 
608716 
352702 
127102 
546415 
997573 
205218 
753843 
669699 
20569 
956128 
525107 
244296 
280319 
871962 
811278 
409849 
890923 
891968 
639941 
216693 
9868 
256556 
786883 
656508 
380384 
72254 
839613 
65828 
184385 
328895 
930705 
117968 
132955 
19546 
72580 
722026 
46941 
661524 
894067 
352802 
767253 
539555 
434472 
922169 
124853 
29630 
126696 
584883 
523326 
493737 
460346 
197080 
403784 
638534 
487534 
569665 
546573 
400318 
714552 
798442 
625537 
214278 
725250 
692213 
648554 
717723 
994996 
667597 
222926 
371758 
825257 
915279 
907482 
730996 
935026 
780371 
512130 
624090 
617615 
906496 
200453 
276532 
307880 
437443 
615379 
965452 
989070 
525331 
981968 
931888 
843005 
287674 
907395 
603429 
384444 
553508 
278741 
40380 
726247 
610195 
836019 
969442 
158706 
709838 
693096 
52349 
347162 
682054 
17088 
202721 
105166 
518341 
620308 
250492 
563183 
283541 
120577 
503127 
356243 
562289 
391975 
539494 
935197 
734617 
801841 
421430 
346427 
808679 
772477 
290241 
342911 
636693 
640913 
438979 
481594 
303005 
270604 
303975 
290444 
915480 
11984 
900518 
653433 
658067 
856287 
208240 
833155 
928759 
74848 
37717 
34375 
427043 
577712 
479488 
783303 
535360 
128957 
234239 
505184 
466148 
490835 
853509 
173842 
495711 
653571 
957918 
503255 
7514 
249971 
117726 
807218 
851544 
996929 
586812 
383743 
625537 
859280 
416438 
575072 
145070 
784734 
815180 
860236 
74372 
427156 
960909 
830566 
181047 
555615 
300035 
150754 
946945 
8878 
9511 
787745 
892986 
400610 
757199 
316257 
905815 
522484 
233398 
419238 
165400 
619954 
535785 
323876 
938707 
916480 
360153 
111003 
508758 
244304 
617097 
657821 
484106 
919419 
421423 
386267 
919818 
982498 
31830 
834503 
179095 
914699 
447764 
547846 
931451 
831701 
145320 
508565 
70515 
400154 
228998 
567091 
657258 
922463 
8080 
568087 
636813 
381690 
732178 
71460 
854761 
907035 
465509 
770407 
141635 
36325 
369413 
399465 
26114 
680022 
609306 
738388 
852793 
582908 
966788 
14396 
907033 
488492 
460184 
644654 
458297 
587638 
414409 
734712 
587174 
683831 
257568 
18752 
240401 
937674 
670137 
947191 
862552 
16163 
53853 
388789 
62094 
122597 
677266 
339256 
457867 
906078 
485368 
531110 
499801 
477646 
235498 
309289 
706585 
764662 
448556 
87978 
764497 
168669 
36483 
138057 
137693 
880475 
88516 
653524 
662288 
114417 
919386 
637142 
764181 
466316 
172296 
147241 
90493 
201678 
768971 
907378 
234633 
247794 
65245 
581092 
234504 
741989 
786873 
103594 
154535 
700519 
236246 
821528 
592331 
747132 
52761 
654217 
95582 
365965 
251957 
191086 
274990 
696034 
620105 
603887 
71084 
519924 
455753 
192876 
247053 
452308 
886676 
170368 
654819 
890508 
620028 
732160 
398614 
212694 
566455 
19945 
722078 
29881 
782392 
984540 
429891 
468294 
118629 
781993 
132472 
335037 
360769 
804360 
472985 
944563 
91279 
966176 
745063 
97461 
567399 
770874 
352362 
551232 
821962 
901783 
606426 
84060 
157928 
621535 
562598 
805524 
24470 
417876 
250116 
936525 
350529 
353717 
987880 
273142 
38077 
453074 
89002 
409530 
269626 
981455 
877360 
311148 
59408 
64691 
35053 
349540 
171379 
993943 
915529 
981915 
766241 
198591 
145512 
713320 
501784 
90341 
47980 
828732 
661001 
88867 
430105 
397506 
249557 
692892 
494586 
933952 
684876 
233797 
370617 
1356 
48428 
502098 
374460 
445009 
407834 
147639 
71248 
481696 
481654 
836864 
