916722 
407258 
456505 
172861 
990827 
457222 
112651 
585935 
772088 
299100 
359280 
912770 
49978 
28066 
245572 
730993 
39161 
31104 
33846 
98680 
880332 
196665 
302899 
787712 
600988 
820347 
491066 
965133 
955086 
80859 
123298 
175330 
956067 
522982 
686371 
949166 
276527 
302744 
172310 
551662 
424242 
486297 
587148 
767077 
499798 
545432 
847384 
998752 
97703 
404835 
194515 
745520 
63802 
197124 
745304 
763288 
534865 
738424 
429409 
182604 
689502 
712843 
881079 
280584 
770278 
546399 
33668 
801575 
13288 
361441 
137710 
888973 
453703 
728354 
358262 
808735 
290130 
364964 
915471 
442168 
435062 
25019 
916895 
513876 
58450 
84736 
406567 
319939 
812934 
310853 
108863 
47201 
282705 
702323 
602439 
464317 
9431 
480775 
928777 
908855 
80975 
807846 
796424 
747883 
849631 
15667 
105350 
845522 
307837 
16113 
225275 
140460 
567680 
207679 
875183 
452074 
546464 
500132 
433081 
553728 
762083 
888145 
209697 
310555 
489983 
987055 
499952 
95886 
293515 
512870 
435295 
31720 
233449 
226219 
960692 
257134 
945041 
655277 
725762 
120947 
802865 
674600 
553639 
412562 
889503 
226724 
415431 
294468 
88478 
896604 
24697 
250379 
635558 
601460 
663658 
636991 
60920 
276222 
34705 
952567 
961305 
705703 
528602 
49198 
277227 
840071 
551332 
246314 
850846 
630215 
39295 
824771 
556319 
111486 
873531 
495852 
814706 
976470 
678459 
351100 
396337 
453039 
109572 
769800 
608116 
294868 
578936 
820063 
145019 
522918 
685528 
236379 
683554 
862017 
338419 
411604 
719519 
598155 
644966 
700184 
222325 
471496 
968530 
58282 
63326 
828529 
604571 
779146 
133209 
931754 
838228 
346782 
508957 
127992 
220737 
20594 
973226 
481523 
776563 
663232 
343663 
788797 
145303 
756338 
315049 
317288 
575638 
777385 
53625 
168618 
220779 
209420 
875039 
828708 
926795 
194966 
452532 
72770 
253860 
938746 
560906 
951285 
315168 
709141 
949250 
228421 
898232 
528440 
602324 
541403 
357986 
867934 
513378 
972062 
537298 
381646 
378747 
707461 
468885 
106148 
928123 
737815 
711734 
574589 
203125 
70848 
59648 
925729 
264380 
100501 
972418 
148160 
186022 
535916 
91975 
779841 
283078 
204207 
651219 
675314 
348276 
10042 
799082 
802896 
288120 
814698 
647843 
123941 
185713 
456861 
334250 
483389 
413290 
384601 
966403 
822602 
166050 
123810 
398476 
447587 
46150 
746130 
529783 
188934 
244754 
156574 
116959 
962904 
154986 
449515 
430525 
459237 
652403 
701916 
117775 
983032 
941749 
798083 
830912 
213877 
131261 
171186 
352707 
34881 
322534 
759150 
215491 
588426 
9911 
961800 
726533 
268721 
623333 
808553 
709480 
99582 
255454 
444533 
929713 
91377 
544123 
241732 
908786 
487259 
921873 
536519 
139413 
223237 
146867 
551522 
551100 
375846 
665880 
35786 
684579 
4083 
593993 
497973 
177909 
348860 
601956 
787185 
543710 
119033 
824562 
553967 
252685 
401533 
857977 
274698 
773305 
393254 
703392 
97664 
865229 
349008 
619304 
261370 
989777 
969176 
126689 
546874 
255340 
320513 
653810 
597341 
816271 
357214 
700435 
108592 
78995 
795339 
230996 
769238 
644194 
258101 
244360 
708866 
380547 
401433 
191194 
929172 
667440 
677704 
780024 
512298 
935318 
152334 
532379 
254998 
532884 
626599 
342353 
2826 
603842 
67656 
610384 
43516 
801436 
337949 
329785 
501187 
821075 
942158 
685412 
767820 
40318 
739151 
352984 
395335 
628439 
664979 
735491 
407434 
439304 
693406 
665032 
727598 
779797 
991410 
427744 
747863 
599553 
219846 
8569 
622784 
369507 
859071 
120644 
306040 
510894 
50557 
72834 
90028 
126357 
451462 
335575 
663505 
633163 
158114 
96059 
811865 
444369 
306729 
137319 
689694 
900442 
12800 
412826 
431033 
754774 
988427 
664294 
980220 
369693 
702780 
99777 
377043 
962457 
474371 
524393 
500755 
372463 
248196 
561456 
81131 
969796 
39811 
314220 
388976 
980609 
842691 
256284 
490899 
320211 
293038 
439138 
400227 
144986 
233759 
732413 
213796 
789879 
650147 
588613 
384248 
283829 
531253 
552146 
39295 
275964 
238560 
174310 
426696 
276986 
596084 
505949 
561357 
276043 
18109 
833885 
736719 
622937 
173134 
244643 
309577 
968933 
471688 
938740 
404299 
394023 
58257 
288802 
222210 
655785 
51864 
663767 
392325 
136032 
348424 
212030 
110829 
256425 
115985 
716946 
37230 
946283 
909864 
307201 
381492 
655007 
723675 
268155 
439340 
441055 
197541 
727536 
5396 
674354 
538885 
655827 
986954 
991512 
326409 
818666 
451921 
447004 
299773 
400337 
363197 
460063 
689857 
235023 
399514 
446127 
296171 
835252 
778887 
251568 
710011 
933116 
676185 
47679 
554091 
845470 
35780 
686470 
266226 
219880 
461487 
564873 
852294 
614447 
761052 
262354 
346614 
461431 
612033 
618360 
79508 
815912 
937531 
214509 
458680 
776263 
836214 
751637 
816520 
33694 
680467 
46519 
217595 
350758 
586903 
340181 
402017 
201938 
494603 
527692 
885601 
859769 
596132 
673025 
617854 
371406 
173754 
258941 
335019 
398813 
5769 
901266 
32930 
59697 
771244 
2728 
893437 
398427 
476540 
794443 
228478 
145020 
666939 
113211 
990370 
992529 
690199 
304539 
143423 
385042 
682256 
320761 
668804 
429314 
804491 
23973 
4321 
497288 
342404 
197210 
659247 
225197 
864884 
724712 
187090 
908676 
359557 
876728 
519137 
483290 
660959 
825781 
510302 
49331 
864418 
781273 
180575 
759951 
342144 
604906 
528381 
138497 
238874 
134473 
749483 
35152 
963147 
702868 
530821 
991366 
793600 
491009 
199925 
972135 
405943 
471446 
143100 
636538 
135964 
557916 
123576 
167074 
414160 
842271 
866194 
509162 
698889 
478710 
183726 
370086 
616333 
664545 
796179 
884043 
901304 
682624 
834707 
184364 
141373 
889002 
715582 
685836 
876833 
325663 
675033 
374104 
338439 
166310 
732254 
89416 
672197 
81503 
725588 
106329 
104578 
827909 
425070 
819376 
718670 
519296 
850145 
655317 
622730 
392257 
536195 
911856 
561017 
468773 
464257 
677255 
157943 
972715 
123562 
643646 
722 
705907 
939601 
560696 
848419 
645218 
18503 
370596 
176768 
289117 
165586 
445498 
181383 
960683 
546952 
487315 
871748 
251270 
510137 
821034 
809276 
35684 
412014 
749691 
374042 
104071 
385478 
766430 
302603 
367575 
925724 
306268 
858784 
533699 
631185 
718021 
84314 
695423 
538073 
859259 
88292 
555490 
546610 
94703 
184867 
890347 
467322 
605062 
795189 
714638 
766667 
975276 
564682 
718440 
346393 
439179 
289621 
389213 
91255 
981330 
436283 
745389 
513285 
90241 
689971 
601228 
683836 
900936 
856525 
382744 
375764 
102500 
216405 
632904 
178864 
805125 
543666 
378289 
722144 
148260 
759448 
319980 
846011 
231257 
673473 
25193 
137811 
835020 
241453 
131218 
722492 
154064 
93419 
964437 
797268 
427045 
362130 
378158 
47195 
33154 
684418 
229452 
459130 
207340 
979003 
27808 
1166 
456440 
753068 
560230 
237996 
743159 
364116 
784205 
656989 
730593 
307101 
207851 
409761 
721300 
50142 
262763 
494064 
703607 
712300 
885602 
962658 
786588 
115515 
850893 
796793 
335603 
942997 
139325 
776874 
795549 
38889 
733835 
601467 
31600 
304812 
156910 
510363 
786101 
284125 
338473 
478945 
212723 
423028 
878760 
582754 
54487 
947812 
623192 
915685 
932561 
110055 
882961 
392562 
496429 
193129 
245507 
373326 
669991 
600064 
89466 
785892 
307336 
273557 
789057 
402241 
29440 
566135 
45112 
618098 
532722 
237039 
357184 
736253 
768962 
961702 
898196 
790069 
78324 
257341 
333752 
387432 
334243 
88797 
309996 
990798 
146736 
610996 
253725 
999233 
189022 
676500 
926852 
606449 
444807 
828918 
642570 
116614 
519701 
941157 
29502 
896596 
291252 
32019 
16490 
795132 
282366 
158207 
705539 
942669 
341799 
325540 
190952 
83078 
886163 
454114 
591732 
114236 
696048 
796912 
251504 
98713 
302200 
88075 
657778 
304885 
474835 
552003 
994915 
765706 
819611 
238435 
114290 
583936 
66368 
252825 
97474 
360254 
555002 
957846 
936681 
591802 
