940944 
97684 
741758 
794665 
270506 
408031 
371250 
682749 
43390 
463066 
929030 
133128 
454037 
291872 
738205 
738600 
946268 
935486 
756157 
128584 
956614 
998589 
630496 
902504 
776268 
590231 
264611 
927396 
714743 
909367 
254080 
748591 
310275 
321915 
73234 
18413 
815332 
638899 
564126 
277724 
162781 
442752 
813105 
587329 
781845 
533350 
587551 
930846 
715966 
178968 
571321 
375457 
300656 
389752 
962273 
906357 
882053 
470197 
965099 
595231 
394976 
583920 
208117 
863955 
876325 
193145 
698762 
653482 
528933 
833249 
696463 
539042 
96033 
974854 
815306 
334927 
981047 
765451 
492322 
987550 
705741 
454205 
33905 
324266 
318087 
792461 
876718 
926094 
608296 
951640 
888717 
164582 
802409 
992953 
30211 
998117 
516260 
962541 
888624 
345462 
123821 
689416 
57655 
782200 
378545 
672408 
526581 
868839 
348780 
626603 
487666 
898531 
821040 
883457 
335629 
410046 
773917 
560596 
929135 
497417 
19584 
442515 
446194 
458318 
886341 
436225 
261371 
507298 
799879 
209013 
593197 
114567 
407524 
142623 
497518 
339940 
437874 
721051 
166756 
358278 
199092 
818636 
446522 
342920 
762125 
959410 
718885 
668751 
238336 
843725 
681069 
759740 
604883 
44842 
929802 
651623 
38115 
507376 
337738 
395007 
908259 
104622 
470031 
874077 
640990 
356984 
378671 
234697 
107194 
603670 
225494 
56544 
364761 
486603 
401343 
591330 
575935 
297048 
56243 
740681 
264371 
357330 
955 
956773 
645447 
869442 
5371 
718383 
525779 
418425 
450712 
316461 
787273 
223206 
184542 
213192 
416118 
20152 
659261 
661504 
934221 
831861 
33965 
983765 
463955 
431220 
378511 
418240 
946796 
778140 
239237 
394230 
405164 
691398 
356667 
21710 
380972 
284439 
527633 
945414 
450025 
669292 
914272 
957834 
566342 
917447 
82933 
881828 
973991 
265587 
883885 
753418 
796598 
297968 
330443 
244779 
527760 
664167 
491263 
576654 
392889 
621975 
255041 
4801 
458219 
859675 
397810 
573889 
333065 
707185 
601699 
286497 
831994 
810076 
78640 
10160 
59842 
39892 
111012 
286985 
985186 
859929 
21635 
109628 
625976 
134525 
953956 
307160 
739631 
752232 
809235 
4262 
493518 
460903 
185179 
381578 
226213 
147562 
472966 
611982 
240070 
924673 
781463 
8991 
450222 
43614 
729989 
205844 
743210 
679869 
878121 
619724 
638496 
965849 
856602 
455649 
936354 
157239 
57366 
427495 
996073 
334033 
801680 
29727 
641890 
946883 
550035 
167320 
780452 
486444 
637824 
222157 
73854 
749623 
701947 
359625 
69502 
924003 
266883 
808838 
648609 
429238 
381649 
392247 
97603 
966010 
769001 
260082 
721376 
409704 
125862 
793049 
185772 
87577 
383146 
110209 
210162 
393373 
959096 
660335 
213861 
595153 
630298 
503939 
499873 
886488 
536141 
296989 
97178 
205130 
247216 
94789 
578072 
145684 
380625 
754964 
944665 
969405 
219501 
843526 
689948 
672838 
146460 
299121 
611967 
945673 
457125 
205821 
503402 
131541 
581838 
172547 
363079 
951117 
808198 
829822 
58350 
74599 
244772 
881804 
782715 
54264 
891173 
101607 
822204 
762667 
912463 
8317 
717096 
656282 
514218 
499228 
923214 
197735 
343498 
340357 
305381 
581392 
42859 
121263 
55367 
978572 
944468 
861993 
25642 
45554 
435321 
870585 
65483 
482794 
397610 
505749 
718316 
694375 
22411 
525119 
296968 
730068 
195239 
285218 
540930 
629334 
71613 
963376 
823065 
306966 
324197 
100130 
329223 
241350 
729228 
719406 
542046 
990499 
436530 
414505 
300744 
376406 
155556 
265391 
829982 
631783 
574150 
907522 
807277 
315605 
136707 
683820 
436745 
287527 
214507 
289109 
503237 
962813 
771889 
994216 
406274 
331378 
440496 
855768 
706463 
264172 
369685 
428458 
775973 
815483 
722880 
455651 
150472 
680384 
328458 
348525 
254383 
196978 
193058 
577627 
256783 
566682 
344336 
94261 
103646 
483120 
743890 
857175 
112375 
459704 
99668 
637927 
387413 
31103 
762848 
790373 
155245 
511524 
423595 
447886 
547802 
167154 
923593 
43309 
914586 
38495 
647766 
944192 
655150 
789597 
108715 
422960 
536905 
443548 
87050 
956893 
168315 
980890 
334936 
836849 
999718 
985984 
97633 
843824 
545754 
753684 
512947 
151589 
460374 
495188 
246820 
628622 
84116 
797944 
416210 
147707 
941923 
738758 
22585 
295750 
643678 
218604 
802257 
563513 
781233 
689890 
188429 
172666 
192105 
597592 
276260 
338255 
834766 
782950 
76842 
45545 
497898 
100938 
188035 
204176 
39494 
319693 
973880 
634558 
257171 
709729 
85343 
669957 
310482 
114714 
297090 
237081 
54578 
76285 
107680 
263088 
803368 
802280 
1133 
505332 
131364 
482632 
376457 
383213 
744129 
568663 
39994 
340267 
335670 
817067 
694510 
206123 
657690 
373179 
845489 
876731 
187750 
757042 
927031 
971509 
443537 
336561 
982062 
689965 
913785 
572294 
570649 
727690 
179203 
702197 
473082 
585036 
965591 
250325 
826458 
308271 
836314 
208961 
429596 
740293 
490928 
157655 
503730 
755494 
462868 
280570 
739804 
21184 
583378 
838008 
927784 
652160 
438276 
722821 
576296 
32398 
181315 
637950 
746494 
667818 
529947 
291200 
711172 
306392 
266159 
814849 
361887 
688045 
302633 
834940 
894865 
599931 
508662 
756155 
131011 
326434 
489962 
491950 
525519 
418979 
244798 
702292 
780290 
981486 
648646 
213022 
878480 
479135 
911081 
975669 
261330 
623255 
844553 
350366 
804071 
147525 
450165 
246175 
792855 
130502 
227312 
683125 
957053 
820494 
801375 
975539 
699708 
316249 
829574 
542844 
537564 
482727 
792303 
57970 
809532 
623207 
302368 
150983 
221061 
667601 
768912 
502773 
170902 
571675 
126058 
384485 
283376 
294586 
480316 
796738 
152945 
131023 
961787 
808417 
217780 
705817 
988950 
302373 
963436 
863822 
711399 
312482 
832251 
495823 
803028 
169552 
473647 
825166 
126207 
367900 
514778 
641587 
653293 
234677 
611542 
857229 
548691 
409804 
913914 
636992 
408507 
966732 
792075 
351670 
786110 
677333 
491796 
496816 
914343 
382050 
583122 
583633 
147045 
35694 
278755 
977342 
438527 
271078 
97011 
672827 
930881 
793821 
455193 
259607 
554700 
981957 
813326 
471084 
854063 
392526 
478871 
513860 
449489 
113088 
542746 
595817 
966352 
140528 
848563 
475625 
364182 
268042 
154448 
518571 
929102 
541375 
756095 
61524 
784313 
420185 
386423 
547341 
60858 
487118 
812495 
458681 
73732 
416640 
958442 
948923 
356222 
408074 
135357 
51087 
746967 
645328 
759306 
721849 
853670 
554259 
734384 
463140 
746626 
215421 
354289 
955138 
612904 
882386 
771783 
254358 
512850 
287245 
441153 
415074 
280215 
797103 
655295 
871464 
15680 
198164 
529896 
156834 
568740 
913324 
678953 
880595 
430232 
707745 
7198 
793217 
402051 
693702 
757536 
392966 
335406 
442220 
310196 
545788 
628837 
270684 
23698 
179151 
871270 
851526 
873328 
752413 
567468 
300828 
677636 
492907 
692468 
669742 
38766 
473051 
999587 
66589 
929525 
823399 
830053 
611008 
790495 
625619 
581235 
171854 
50369 
934433 
62566 
21983 
958150 
946359 
854328 
499472 
900775 
725898 
347060 
122665 
106559 
97015 
587484 
566700 
253558 
196703 
696988 
900591 
408483 
622506 
858414 
409353 
104038 
679708 
84061 
178014 
788009 
433488 
957608 
261098 
686457 
166624 
224346 
812740 
979944 
103909 
846165 
793747 
792598 
851585 
48250 
589269 
283374 
693956 
244144 
8984 
70902 
632175 
108393 
643158 
997248 
540021 
602673 
540210 
578496 
513862 
760957 
706916 
20223 
153112 
427309 
772132 
356779 
388196 
937333 
475297 
107643 
135331 
625034 
125318 
993044 
403491 
564174 
638369 
144625 
654248 
310580 
158532 
256129 
644720 
497168 
914941 
504416 
195730 
918518 
894136 
733432 
395648 
66578 
927875 
829905 
515676 
4292 
955918 
446114 
340957 
501144 
77599 
577440 
786761 
457354 
872894 
460579 
697862 
577762 
836313 
966000 
903417 
450876 
718419 
132706 
953043 
545170 
543616 
890478 
509950 
282228 
961099 
157910 
407896 
808723 
292491 
884615 
183287 
792275 
33159 
373149 
970911 
