171789 
351719 
456906 
936818 
606213 
709172 
812123 
93435 
886023 
472588 
489834 
916789 
302217 
876924 
461324 
989281 
289469 
737826 
390626 
490539 
345679 
193369 
594819 
332274 
802500 
669225 
257460 
398727 
314715 
941941 
244744 
747053 
637501 
413190 
656143 
685777 
980132 
228559 
623148 
210410 
818313 
59034 
520371 
757868 
245257 
902491 
179651 
813014 
343731 
292583 
451978 
706069 
6842 
215811 
88462 
81650 
416565 
931986 
716657 
763859 
476150 
557366 
448429 
245607 
736240 
55213 
202084 
722696 
426851 
689580 
488635 
460893 
254418 
295438 
854718 
707665 
782724 
217299 
835246 
378054 
825268 
670608 
36719 
745790 
204090 
495534 
176097 
159697 
204403 
450280 
797219 
995800 
480729 
290081 
741992 
55196 
18393 
230654 
532558 
270548 
190212 
645951 
978825 
104966 
718609 
249445 
610799 
873827 
981993 
365503 
526259 
970965 
240636 
752402 
799955 
651652 
982416 
728546 
303410 
579568 
550903 
235904 
47201 
509010 
437205 
129178 
933212 
323802 
420839 
869290 
38039 
462219 
765184 
289597 
873230 
9089 
350226 
875603 
441759 
731889 
854398 
167928 
187792 
747665 
490756 
794940 
915328 
21157 
794464 
907510 
177497 
280118 
517004 
969154 
444775 
245521 
826916 
191238 
933246 
129991 
340668 
993493 
826236 
980384 
869304 
261390 
305720 
827001 
488036 
802399 
826747 
147350 
784742 
960128 
798490 
165412 
900840 
666902 
564390 
72749 
656497 
162815 
226293 
20644 
183870 
847003 
48674 
731299 
105623 
517480 
705067 
710115 
407424 
482500 
335642 
14146 
69930 
697764 
716845 
547988 
86746 
152309 
922606 
980580 
955780 
70444 
518398 
666238 
156847 
866215 
929991 
857991 
621137 
69974 
517518 
577059 
282405 
81102 
394391 
508038 
968469 
635645 
921518 
256238 
168194 
555114 
990144 
289394 
770761 
40897 
494700 
189938 
488532 
742076 
155027 
504856 
528110 
951998 
423873 
865325 
181757 
550920 
756165 
298507 
469291 
115507 
233402 
539132 
507982 
25079 
584317 
739955 
379567 
978507 
336643 
15170 
109580 
990284 
120027 
773489 
593918 
903809 
663652 
304395 
896795 
814687 
581791 
795670 
453745 
962333 
12306 
197891 
340232 
217188 
832033 
512992 
168919 
456196 
261013 
585317 
88391 
956019 
295562 
591003 
782250 
398499 
494410 
24201 
331415 
921557 
939361 
47527 
960486 
81532 
460849 
751269 
370053 
673267 
504391 
743075 
162504 
515602 
299609 
872238 
492562 
657905 
594042 
698011 
130010 
869504 
945419 
371128 
511582 
25105 
585700 
386744 
670174 
794371 
637162 
59286 
370799 
116676 
470479 
133596 
560460 
187500 
941477 
622033 
987534 
548634 
906873 
932232 
969968 
376768 
228339 
305704 
581828 
472290 
897983 
768193 
674619 
547039 
702195 
653684 
496790 
374990 
165840 
140737 
443576 
622318 
256772 
64971 
265670 
489691 
746272 
278861 
482965 
886579 
594915 
545311 
188156 
471919 
272662 
281771 
695939 
535314 
838289 
281355 
528531 
769322 
167754 
846721 
188434 
175459 
50869 
781813 
890011 
418747 
182666 
981341 
666857 
349165 
353629 
219020 
104521 
462555 
466873 
938916 
625393 
653952 
171726 
509218 
451472 
415380 
139843 
538441 
593889 
554964 
243005 
890315 
735447 
924527 
780871 
108027 
347229 
999680 
872924 
845178 
373781 
757323 
163370 
292129 
735076 
516504 
84043 
51884 
484287 
148131 
780111 
236012 
396366 
424668 
870339 
577736 
95325 
633313 
445429 
973677 
802874 
265752 
331382 
740731 
898729 
809411 
406811 
684020 
393290 
126896 
31320 
391302 
426774 
576082 
861006 
208521 
820807 
52886 
828129 
80001 
388340 
857514 
526056 
230167 
512270 
391515 
652609 
455133 
260174 
123140 
734844 
462561 
145020 
509528 
475801 
696861 
228977 
705238 
792259 
805370 
79863 
376121 
410172 
301718 
530479 
14368 
505304 
381824 
520772 
769922 
269684 
581669 
82560 
336301 
280692 
524026 
782717 
145435 
350235 
789984 
302063 
198670 
753501 
399495 
77686 
531549 
219817 
96434 
200700 
296487 
933725 
818180 
992462 
316219 
624659 
613058 
597225 
398112 
35244 
389807 
258038 
84974 
892883 
95856 
703069 
967104 
833490 
661225 
94669 
600503 
64811 
357229 
792321 
335491 
817911 
608056 
38396 
497933 
433795 
877657 
769997 
480100 
167246 
735548 
793044 
367229 
292300 
37555 
619141 
755563 
112149 
381750 
86752 
749979 
528089 
75283 
993336 
576914 
787497 
988125 
587164 
349097 
395770 
962221 
742244 
473618 
397927 
187763 
893381 
206895 
851330 
453741 
731862 
223724 
350065 
131354 
135799 
245244 
958428 
404791 
152744 
933069 
112986 
752942 
358967 
770083 
838370 
873763 
552767 
518876 
948101 
748893 
615788 
778681 
836727 
41214 
618163 
316868 
707577 
925025 
119943 
887773 
901771 
691058 
581607 
711637 
210466 
389838 
38900 
896869 
301053 
14943 
140674 
13962 
332119 
248378 
417780 
299170 
804033 
686497 
240 
141654 
269898 
720432 
994471 
861673 
462478 
975453 
43477 
894107 
158260 
828835 
925041 
376537 
533524 
90914 
154490 
137045 
741252 
886158 
945548 
799340 
626710 
80223 
746338 
164816 
765488 
310134 
438013 
182442 
449082 
524034 
391821 
490083 
300828 
892441 
104151 
275401 
866713 
219113 
514320 
49081 
413948 
734774 
100039 
139679 
798072 
821366 
503488 
591321 
638835 
967690 
384815 
499364 
190572 
570370 
517169 
173109 
725444 
619679 
603496 
247226 
97661 
99550 
676042 
806662 
262868 
831532 
474034 
63480 
528364 
403922 
270868 
539837 
276252 
13938 
657784 
705633 
191586 
751959 
782026 
733699 
436712 
778260 
713697 
43175 
716468 
954266 
739674 
544778 
891169 
585267 
290589 
945460 
493298 
731208 
127380 
763437 
348191 
810048 
821739 
440173 
970734 
635882 
137795 
635322 
487459 
823766 
998629 
100906 
695287 
925290 
768053 
568393 
281178 
893688 
320914 
824211 
999283 
923508 
119947 
857365 
250928 
749965 
99139 
676571 
954400 
574282 
755165 
817867 
311301 
514993 
68775 
740683 
888251 
522973 
405260 
775811 
709385 
994094 
144096 
644654 
682860 
314056 
476590 
866024 
898066 
235050 
525555 
691227 
896319 
768503 
820412 
863180 
953671 
232371 
48701 
863153 
409447 
297061 
285543 
268719 
826176 
947199 
569040 
933805 
611172 
730585 
164371 
347012 
400819 
336413 
915249 
390809 
969974 
186296 
86102 
989179 
826591 
369541 
591344 
632471 
23205 
502600 
26061 
263315 
600633 
907324 
597092 
710250 
288741 
13774 
103244 
871365 
188753 
683435 
450554 
141417 
542801 
41694 
587982 
462033 
13998 
811034 
917226 
408029 
873637 
349730 
255139 
640160 
206871 
376898 
982731 
173101 
296279 
64628 
599162 
955775 
892949 
377658 
284896 
936913 
685969 
546575 
58633 
838789 
775913 
606686 
681523 
675602 
159580 
454830 
487254 
449837 
124891 
870282 
875111 
58933 
466772 
401896 
197457 
684403 
637843 
844121 
727914 
63077 
394928 
145010 
323416 
755178 
755667 
676794 
457371 
183304 
565779 
345523 
697527 
845241 
208746 
311551 
600222 
698724 
982400 
276899 
858799 
653496 
809572 
249590 
547791 
537278 
965347 
840586 
324576 
218724 
292846 
88651 
671632 
513238 
815871 
465841 
53038 
397843 
224047 
47980 
719744 
657452 
69466 
727891 
900408 
802562 
904877 
127026 
434429 
590032 
787304 
157462 
902352 
125808 
319250 
309652 
516498 
874799 
575969 
994738 
589795 
766852 
543602 
957150 
446501 
767295 
47375 
927592 
487408 
199518 
395638 
790763 
248768 
112258 
527621 
367466 
487392 
69433 
222199 
115142 
257145 
552348 
245144 
73975 
564504 
906125 
679295 
228951 
798872 
903943 
701515 
555897 
568428 
45870 
696288 
994207 
654336 
981307 
258726 
350312 
616001 
663264 
987161 
52414 
290279 
182493 
637389 
753122 
311138 
435385 
581881 
715741 
366935 
781053 
10864 
394583 
862115 
731578 
811343 
253448 
610478 
39896 
336965 
448841 
888184 
140275 
557769 
449935 
395377 
671307 
230525 
221543 
379506 
765023 
74613 
290312 
356798 
150390 
701394 
586619 
854680 
514962 
223930 
399472 
354720 
289842 
229895 
848672 
