930614 
537894 
182986 
412459 
894626 
190528 
727474 
940753 
542170 
6214 
398062 
560910 
441888 
636691 
553641 
501745 
469206 
454693 
210936 
238932 
102028 
781944 
931160 
715022 
440824 
118944 
155115 
896828 
212484 
815079 
760325 
994478 
566668 
733731 
962848 
176994 
390232 
452325 
189677 
670961 
573486 
645609 
637962 
589411 
202561 
969585 
22081 
501744 
373267 
655076 
376901 
121044 
169132 
777209 
8938 
690325 
759629 
856015 
298555 
439953 
593265 
844935 
291287 
219529 
715402 
552762 
911255 
4590 
684662 
366288 
127826 
182428 
520035 
815062 
855226 
294967 
390531 
870697 
320120 
475291 
899812 
875650 
423951 
922167 
444473 
839832 
77587 
436478 
112304 
728161 
691687 
932116 
292556 
897389 
718944 
265035 
122140 
779903 
388369 
19667 
490739 
323310 
55992 
88291 
758349 
73863 
11431 
566277 
246610 
373862 
37617 
559167 
79442 
157017 
376262 
40331 
921911 
28883 
145017 
222428 
374674 
473860 
23766 
619553 
366705 
874676 
698144 
333231 
598054 
726718 
41460 
903103 
268068 
175167 
90361 
498038 
52118 
740246 
218405 
1591 
261423 
970387 
78442 
518240 
576518 
401975 
249745 
949875 
850028 
478865 
332499 
844056 
127383 
494194 
401351 
647605 
526276 
104958 
955153 
377973 
348892 
23470 
401299 
566440 
976307 
606103 
766399 
50463 
979525 
455759 
938730 
201753 
614213 
280075 
872400 
434365 
775029 
177861 
824401 
407298 
273802 
853075 
635454 
297902 
804195 
644060 
227919 
776953 
215875 
172765 
992833 
627142 
270372 
55560 
436658 
575060 
244018 
484568 
698868 
975605 
911879 
265269 
773574 
695802 
25501 
947215 
905729 
53020 
593232 
421497 
152246 
729211 
416497 
518300 
424197 
869622 
302904 
689622 
758587 
679692 
940371 
503641 
986279 
606901 
996917 
19917 
553449 
224792 
257372 
546276 
42730 
119526 
514758 
40478 
212000 
698305 
779810 
34796 
301535 
801205 
516591 
340857 
847190 
908231 
945012 
90649 
866185 
1594 
654603 
236701 
613226 
940530 
348050 
856963 
551944 
1079 
497718 
172284 
714897 
989926 
396576 
631563 
852484 
446635 
383087 
775723 
645833 
102887 
362256 
788167 
771638 
386677 
583421 
95359 
305745 
272041 
893997 
462825 
987082 
753306 
272525 
982227 
900709 
383658 
545508 
256371 
17428 
523623 
840572 
221306 
208834 
959589 
359856 
360403 
913952 
923465 
855016 
792754 
296628 
239824 
590004 
132141 
123400 
976716 
669878 
214844 
30419 
290225 
75061 
933424 
711728 
587840 
573700 
616500 
913641 
896969 
170179 
543641 
692923 
443891 
587500 
259852 
731013 
850137 
43179 
137822 
39550 
201643 
737518 
703748 
613870 
19820 
764801 
844975 
922633 
731958 
383621 
288066 
2915 
795967 
478967 
922853 
74529 
233218 
21108 
221633 
668440 
175860 
307443 
81103 
100255 
984904 
150546 
524543 
953095 
864503 
39982 
564866 
98527 
668398 
850522 
393097 
89422 
909499 
330026 
815653 
775304 
624027 
164592 
300352 
641691 
863782 
447850 
353958 
997567 
360234 
466460 
153735 
280038 
691532 
815365 
515553 
313252 
378693 
845441 
692859 
994636 
103240 
457551 
594523 
278811 
920749 
174244 
690812 
63881 
952869 
262698 
228919 
24421 
839837 
375529 
250278 
400064 
11333 
398349 
938198 
555590 
836616 
895753 
381035 
364279 
185989 
445413 
286316 
123248 
129210 
984427 
65081 
312105 
661360 
903541 
526601 
17253 
768782 
635340 
665447 
432403 
410979 
786648 
37827 
784412 
154677 
926501 
833480 
770445 
575990 
675911 
297336 
395238 
587934 
590868 
43438 
227098 
311810 
193092 
181681 
777460 
784358 
567852 
940279 
662463 
383361 
252100 
262735 
666982 
241767 
803565 
186009 
186489 
433479 
117828 
42107 
346893 
40858 
710070 
242635 
698483 
936990 
543032 
581656 
763234 
612302 
979524 
84386 
723293 
648746 
142091 
248802 
492126 
65307 
588463 
693698 
259396 
980946 
85656 
958162 
235755 
345653 
845921 
389260 
655929 
405347 
980672 
600995 
568835 
986697 
320970 
844198 
901652 
841701 
