523693 
125655 
804308 
264812 
14673 
660326 
662351 
280872 
83483 
335615 
663624 
55701 
818745 
323215 
862498 
612345 
47049 
838265 
396305 
266968 
332696 
313751 
84067 
664152 
393610 
778331 
899539 
735764 
967307 
403196 
675654 
999094 
57436 
74220 
515792 
534892 
546331 
433291 
676735 
210886 
743955 
812814 
717022 
937913 
277999 
277069 
998832 
66011 
30770 
470545 
354887 
467073 
259312 
224620 
841752 
89461 
673414 
34148 
459951 
71633 
468274 
4704 
203355 
789531 
600802 
71452 
284907 
948768 
442197 
644318 
131092 
963412 
675730 
514616 
163466 
982960 
307757 
536188 
343968 
898281 
178911 
524121 
430268 
410576 
389170 
917274 
345539 
786399 
36020 
786451 
629805 
819149 
581774 
749243 
644525 
263999 
351647 
20875 
364892 
179094 
