181096 
836134 
47107 
252173 
992812 
453778 
917203 
51670 
508767 
556460 
438000 
145452 
926432 
312698 
780891 
472276 
660439 
444583 
966722 
277379 
762308 
965236 
875735 
111096 
315189 
858839 
512604 
192603 
118786 
533937 
613598 
362369 
284643 
472722 
850822 
823864 
37385 
390044 
388388 
970420 
348784 
659334 
779128 
45326 
271252 
934641 
301193 
186221 
742480 
101276 
820294 
489752 
514899 
981590 
533475 
57382 
860167 
232975 
800676 
87979 
334958 
517185 
911037 
370811 
615690 
21487 
968382 
853397 
276976 
67835 
744611 
300017 
640329 
186907 
582601 
817751 
940265 
247247 
80216 
951342 
314508 
50695 
788447 
279275 
507649 
492668 
623339 
41436 
751383 
312206 
902536 
489067 
472155 
94784 
647704 
861043 
328839 
288099 
730587 
737261 
280590 
201450 
21210 
868342 
271192 
383915 
322143 
908931 
573418 
417590 
745808 
293965 
524856 
951460 
504440 
221236 
869256 
343485 
74086 
954091 
735465 
791436 
180928 
934646 
267238 
968054 
305827 
710737 
658654 
37232 
691263 
352730 
635677 
337031 
747188 
847963 
842696 
753819 
625807 
90068 
288660 
481415 
472814 
116431 
369044 
209559 
332630 
420218 
13125 
224611 
965138 
622724 
349479 
316740 
707943 
182064 
279448 
33789 
818052 
897876 
843506 
386818 
863289 
121011 
230091 
226966 
730857 
736292 
669824 
550716 
581457 
146333 
903622 
771302 
939890 
256277 
878717 
361078 
726225 
626228 
724497 
281873 
460593 
114482 
868986 
89508 
837729 
216010 
16758 
319001 
641072 
823760 
390310 
547799 
490974 
65108 
876649 
939116 
452813 
870945 
298563 
775007 
108256 
918983 
996627 
593018 
607970 
856467 
300388 
702206 
631086 
746363 
751316 
662433 
712092 
225886 
23292 
871500 
985309 
346096 
130586 
330956 
33024 
716198 
694781 
568815 
574868 
938932 
158202 
975631 
944107 
286388 
278778 
376559 
901685 
83729 
597587 
314352 
401063 
605879 
537105 
351835 
366234 
917001 
561068 
580690 
415131 
91760 
954302 
331208 
406664 
189192 
272347 
529125 
310709 
167086 
668714 
619705 
998294 
196976 
575175 
873172 
182531 
796235 
780952 
192965 
249485 
695193 
408198 
905693 
600616 
458280 
325590 
545225 
669990 
9673 
46467 
201633 
770151 
433348 
700042 
626613 
567966 
881419 
164287 
70113 
912435 
13190 
50727 
786105 
228551 
482654 
191206 
741073 
418057 
271635 
463425 
673898 
748498 
826265 
207601 
750526 
947471 
244359 
72234 
310134 
300768 
336055 
672377 
122983 
100541 
217553 
899785 
299952 
955154 
630668 
820845 
985305 
462128 
898075 
310367 
393169 
81887 
655294 
209735 
65013 
500462 
682074 
105666 
238752 
124072 
339480 
630816 
89177 
136817 
855763 
906340 
467701 
784638 
633612 
975234 
394074 
82844 
672427 
438873 
975967 
802535 
525951 
697759 
994678 
940193 
281294 
742376 
526346 
478604 
50980 
707234 
816886 
803244 
906269 
554155 
827131 
610395 
556850 
866872 
929 
299124 
128579 
661573 
746663 
751456 
156189 
979743 
268115 
756022 
329880 
544965 
63676 
625289 
708599 
344362 
924136 
130950 
246561 
958500 
505392 
716322 
420987 
66365 
713198 
810366 
187959 
868160 
7078 
493586 
59116 
332676 
429974 
150075 
897960 
178222 
559834 
766950 
351323 
589253 
977470 
744994 
571852 
337889 
384552 
567758 
280437 
204359 
134473 
632955 
35965 
842418 
379630 
906343 
925232 
130093 
780359 
511676 
461897 
868250 
951453 
511500 
444714 
657657 
288723 
9292 
399137 
888016 
44267 
63872 
335916 
126003 
379517 
544834 
907518 
721848 
515154 
462639 
355136 
90077 
364594 
880276 
691735 
870199 
649341 
270851 
938794 
804239 
894122 
700147 
470874 
572348 
552816 
453082 
532298 
201419 
231873 
706891 
586452 
966034 
739768 
490676 
840770 
689578 
387832 
305586 
561103 
328589 
853549 
327695 
436791 
308613 
950738 
380156 
56605 
79547 
122974 
693509 
218735 
565781 
599000 
870783 
556034 
496993 
700789 
782020 
954369 
896946 
428604 
408106 
996614 
34672 
329470 
773265 
290204 
