736812 
369468 
258621 
948091 
566897 
626340 
300391 
482355 
48653 
812546 
645988 
143001 
3464 
492528 
504551 
730823 
177192 
710069 
924530 
32092 
571411 
927904 
3114 
224051 
802925 
264233 
599418 
132320 
955523 
835294 
101691 
219267 
422781 
31587 
145024 
789235 
153281 
292923 
590762 
693521 
565559 
61303 
482614 
226923 
69772 
456293 
652734 
984882 
1719 
66230 
761553 
81862 
389512 
237550 
423084 
782276 
147132 
29360 
32614 
916026 
25841 
639113 
518524 
277785 
323819 
297800 
493231 
59061 
308326 
805223 
440900 
188236 
269710 
778510 
198816 
153995 
879110 
242014 
925895 
292955 
709537 
10111 
170284 
273434 
427463 
177229 
226762 
695743 
81109 
496688 
254498 
32361 
749396 
662874 
756857 
479109 
822157 
696075 
490970 
563944 
