818773 
174018 
600087 
658614 
91576 
931799 
605111 
881461 
682064 
188964 
793653 
234650 
510678 
322765 
575569 
354297 
595144 
342896 
59276 
93941 
391839 
845174 
518704 
329070 
120444 
102819 
325577 
512666 
974619 
649679 
427917 
488371 
505552 
733322 
463146 
416815 
228458 
902828 
692964 
334476 
903019 
481969 
796310 
293872 
458099 
920050 
122522 
983870 
738945 
303784 
491217 
587566 
529778 
240350 
866970 
3702 
767218 
633047 
599334 
488549 
421272 
466810 
977258 
417795 
912273 
305713 
473220 
864082 
333562 
261427 
274643 
171433 
67026 
933233 
680518 
921182 
978419 
924417 
429199 
421098 
325757 
788618 
994980 
351836 
69323 
343135 
500285 
74473 
498772 
966378 
303802 
713024 
583832 
916833 
772897 
209950 
821111 
202450 
868594 
922094 
669385 
760468 
958343 
399663 
978455 
357133 
226806 
667898 
980291 
223276 
318849 
547873 
834711 
467878 
837149 
770547 
719883 
866317 
728402 
708059 
675927 
382802 
981664 
123164 
966112 
382404 
477175 
214284 
720459 
939396 
730701 
536949 
93081 
698064 
646194 
850942 
311340 
531227 
481566 
766565 
122725 
93939 
124655 
950502 
488841 
249277 
453582 
352868 
740817 
90514 
60429 
871486 
755881 
37342 
324639 
956989 
166810 
776774 
758090 
787116 
875933 
543963 
329029 
839440 
558499 
884169 
621495 
858013 
550076 
997632 
2364 
590911 
509764 
648106 
464455 
214064 
832032 
579406 
855612 
296917 
511569 
385442 
981315 
472331 
327762 
944585 
644616 
98385 
14219 
689757 
782053 
291343 
604549 
48434 
816608 
191295 
486035 
683084 
608720 
990775 
227049 
437854 
446697 
213762 
53198 
881765 
654740 
701899 
505313 
680556 
679327 
432850 
195832 
447426 
614341 
692877 
344633 
150146 
893327 
121710 
870289 
957787 
222167 
552367 
304258 
869808 
436954 
51518 
303977 
607884 
539121 
472764 
12882 
511261 
512576 
332448 
737372 
464399 
849936 
79079 
556807 
171110 
124933 
898384 
958379 
472819 
606362 
651864 
699836 
935587 
705684 
443608 
339877 
287023 
163518 
410093 
499594 
479375 
587259 
821920 
780799 
943455 
180077 
153415 
617096 
192035 
627728 
605671 
633463 
71503 
142042 
25057 
68509 
116229 
45929 
247647 
973062 
869511 
574065 
837830 
64123 
518123 
917800 
217517 
312645 
853181 
973566 
961880 
510978 
19669 
446514 
472661 
204722 
115570 
356371 
426576 
134575 
446041 
411001 
40203 
882036 
831137 
303769 
456951 
947421 
52661 
565808 
876739 
252304 
30070 
630463 
892453 
691973 
588305 
626679 
481132 
374030 
768189 
649 
851010 
332192 
404724 
94894 
230632 
407635 
239738 
275287 
267144 
945626 
7920 
762229 
673740 
975732 
605592 
891411 
161045 
26183 
863403 
478538 
357447 
474688 
914151 
688504 
432781 
638522 
268030 
880485 
473743 
912604 
969665 
996675 
329223 
426205 
182520 
619243 
967193 
969175 
235283 
270848 
965638 
648185 
294635 
4862 
548544 
306446 
182641 
448949 
623659 
12533 
477496 
563620 
678533 
648727 
689272 
914058 
950811 
481408 
720759 
240192 
596744 
283060 
198889 
319709 
697244 
240776 
857995 
187442 
993187 
610236 
993539 
353477 
102412 
790364 
32822 
319512 
231101 
279469 
237208 
912929 
748843 
557269 
485062 
876785 
738023 
47144 
568045 
111564 
686387 
737412 
413062 
976055 
311309 
98679 
671526 
707573 
76944 
156266 
199999 
665902 
742134 
399216 
87630 
370803 
955625 
278833 
599334 
592980 
625867 
403740 
265910 
901703 
964665 
693375 
572230 
377354 
910485 
860650 
719841 
860376 
240968 
247924 
75335 
742563 
281264 
102519 
192600 
86653 
494683 
647355 
239768 
435715 
14206 
632846 
951625 
933542 
229117 
286169 
611507 
795259 
727695 
753291 
893230 
749474 
36348 
644823 
484713 
399404 
242175 
363369 
820425 
419367 
874961 
512969 
472552 
779540 
921656 
613460 
425581 
164925 
692398 
88456 
357023 
687898 
352545 
164440 
500021 
300463 
907375 
812333 
277306 
440912 
852925 
396240 
819708 
572997 
553795 
567746 
740685 
678342 
587842 
711283 
188265 
518657 
42700 
738812 
737361 
752422 
994792 
219872 
88123 
469547 
933720 
541031 
250931 
813221 
988814 
244655 
707396 
419270 
701510 
655570 
21457 
152889 
871753 
329540 
98120 
514392 
471072 
666218 
754920 
409480 
402963 
214844 
805606 
412416 
865045 
669061 
792622 
462480 
659266 
987465 
645621 
835097 
252186 
379343 
330304 
803736 
638517 
495375 
194210 
988776 
906399 
540972 
63876 
260167 
827779 
229514 
538898 
180281 
677308 
468634 
547455 
680875 
682580 
191055 
688613 
384216 
459814 
946914 
450259 
213015 
263134 
217896 
187207 
382249 
13021 
146837 
129752 
29163 
456678 
379651 
590464 
486739 
999468 
615619 
857661 
529205 
933050 
975025 
403821 
930506 
920110 
516229 
640256 
47357 
504991 
2332 
618174 
161496 
747360 
254559 
140660 
683566 
304026 
494436 
19431 
670522 
892633 
534368 
659461 
823956 
921173 
127587 
229367 
750618 
530570 
537127 
540513 
281243 
645278 
815898 
845456 
419114 
771888 
252617 
433086 
38451 
386877 
638814 
19082 
717886 
82194 
914396 
120210 
503816 
105597 
622372 
752612 
757183 
91783 
564703 
819595 
428569 
959476 
857917 
293241 
600796 
314043 
423075 
501776 
157214 
22159 
565759 
111640 
418777 
630660 
739464 
562975 
99229 
624993 
218640 
612419 
87149 
986832 
881930 
13605 
825483 
688836 
925826 
622062 
310946 
999524 
699393 
774765 
258462 
696614 
53411 
232881 
141580 
395363 
915664 
436930 
132318 
913000 
316455 
646721 
530092 
448375 
645872 
625982 
115364 
319143 
968783 
9612 
115011 
595763 
491261 
40066 
67076 
608337 
935250 
731746 
946948 
984796 
851407 
623323 
396125 
172536 
965873 
414429 
883025 
773201 
441758 
429073 
436840 
970560 
90659 
179271 
609118 
436175 
59896 
901315 
738257 
307409 
427239 
784871 
430787 
102319 
664540 
118560 
985107 
91231 
447225 
715817 
15738 
486251 
846374 
32353 
35360 
990976 
727505 
337588 
837582 
762582 
919086 
477857 
611653 
919696 
612021 
907927 
599302 
910939 
954125 
108726 
994582 
813161 
251159 
930196 
683890 
445418 
874306 
818057 
887109 
493924 
129081 
186340 
42210 
704641 
247411 
93765 
946209 
676473 
672646 
122861 
188108 
841264 
906161 
729681 
678278 
829183 
647903 
61962 
597587 
330376 
504264 
30455 
658992 
598346 
326856 
670337 
937742 
630811 
133835 
423387 
668867 
817313 
237093 
130327 
893346 
535538 
429593 
752922 
999188 
826584 
996169 
390332 
265414 
80655 
394899 
859253 
468100 
14167 
634317 
237453 
565502 
802804 
157033 
764590 
236737 
334639 
16761 
967911 
778266 
822801 
687345 
287286 
776010 
222255 
341369 
813263 
40259 
496390 
671600 
880462 
97218 
926904 
616601 
169873 
25364 
247565 
867407 
235234 
198077 
509340 
760676 
489986 
821305 
259193 
559390 
526448 
612865 
390386 
885609 
209736 
579816 
707159 
871218 
585483 
474625 
869509 
291309 
981017 
364857 
106341 
491130 
510899 
940670 
338572 
326635 
968056 
23567 
65596 
804939 
445317 
814889 
633445 
790833 
136382 
320693 
100125 
580527 
894522 
68366 
930589 
131037 
494014 
71957 
965090 
324983 
702763 
750640 
377890 
242476 
826666 
505200 
553746 
92536 
485719 
326698 
528684 
454403 
600358 
328360 
172171 
10396 
940116 
443741 
684018 
667635 
871565 
458588 
241510 
538273 
34253 
51061 
680129 
818856 
501023 
93656 
707420 
812785 
904051 
57788 
840781 
285860 
469879 
520576 
68150 
729557 
948746 
920770 
900747 
975521 
228023 
378609 
850293 
917183 
58288 
489937 
487174 
748942 
209816 
42933 
176247 
384988 
735659 
842280 
680800 
577696 
645505 
485094 
307978 
928359 
77376 
572074 
911441 
334811 
174105 
497096 
906750 
614292 
412563 
993273 
987836 
419996 
861802 
534478 
91106 
790483 
983676 
87610 
26376 
142235 
366910 
385361 
74613 
788850 
612085 
409144 
862697 
443599 
290160 
205063 
126608 
778946 
94510 
218665 
412119 
518310 
761947 
248182 
800223 
913502 
196036 
295100 
804573 
853086 
866560 
584486 
473679 
