521257 
424589 
269755 
504829 
860672 
69987 
790975 
710208 
981264 
338402 
516753 
402535 
152597 
79074 
565799 
126617 
821576 
981759 
336288 
50470 
46736 
527472 
466434 
787828 
52129 
397953 
558483 
669583 
230928 
822179 
260372 
851923 
124638 
667305 
26427 
928334 
873580 
480262 
965045 
888912 
6430 
891676 
374244 
756753 
336720 
12026 
420503 
483694 
308795 
186584 
65098 
910015 
719225 
152575 
820371 
311902 
973864 
168553 
327313 
920254 
203897 
762187 
779314 
555981 
608574 
500713 
631343 
809713 
756991 
268020 
366468 
194692 
553056 
437511 
848932 
827976 
558588 
503618 
6341 
24657 
109246 
872079 
104441 
816040 
513323 
434006 
901567 
814633 
123160 
727525 
455292 
693700 
73156 
98421 
138151 
345203 
60306 
379657 
59974 
689487 
783202 
671568 
907486 
3672 
436644 
837791 
891349 
654329 
693916 
66930 
128938 
937366 
818913 
355660 
15915 
370137 
229482 
82640 
505041 
573512 
211914 
249035 
813316 
875933 
27597 
85251 
531647 
958950 
520691 
531354 
839260 
886630 
517147 
292198 
693106 
160681 
290941 
476126 
329442 
334407 
273998 
440783 
911519 
292623 
911383 
931832 
532463 
657427 
672216 
690352 
440912 
672236 
350305 
28005 
139583 
560491 
577983 
705899 
89594 
958025 
408997 
67250 
861514 
759060 
365315 
740524 
783378 
590050 
936574 
538672 
382222 
631524 
437621 
288672 
721055 
333055 
71174 
241099 
943699 
967812 
579466 
331091 
79990 
781301 
414035 
254352 
813655 
593395 
3461 
813992 
219138 
144735 
646070 
776705 
623996 
726685 
602037 
667 
822240 
117142 
19007 
228810 
153931 
370291 
788213 
554017 
276584 
626699 
899489 
362699 
283290 
402507 
953856 
421443 
287136 
640376 
595100 
947244 
237802 
16126 
596742 
692518 
356252 
168793 
686874 
985842 
203058 
89559 
252324 
885472 
592215 
834323 
160013 
377938 
813778 
999989 
421530 
369189 
219954 
995635 
807577 
748949 
556607 
732537 
230624 
13655 
246054 
857935 
104508 
999165 
751364 
149596 
250164 
943560 
269904 
510715 
535376 
165080 
461405 
863938 
211075 
166105 
432152 
710552 
785452 
362736 
647202 
842103 
495860 
496890 
172271 
165604 
392995 
507866 
325221 
855580 
801372 
876804 
590348 
766400 
827704 
150862 
830692 
720088 
202191 
615325 
541194 
730905 
6764 
203351 
94235 
242278 
913587 
74738 
33847 
169246 
603863 
896547 
456009 
273840 
780231 
161458 
612163 
706174 
494156 
861704 
240690 
413904 
80011 
250591 
988680 
544349 
925493 
196641 
602038 
111819 
285359 
912696 
64748 
138096 
399936 
656919 
806297 
853652 
262409 
384086 
683427 
688534 
792079 
434416 
903402 
81897 
768405 
929361 
605798 
749832 
337583 
892672 
174130 
695107 
931247 
440658 
383375 
157216 
245761 
647296 
790448 
57132 
612644 
19763 
421108 
667673 
674456 
288547 
763795 
858620 
646148 
869843 
662446 
282760 
894325 
714389 
355668 
648420 
273865 
667447 
440829 
892701 
321807 
283348 
422750 
646084 
368152 
977355 
103100 
775454 
283794 
649311 
289667 
229108 
380083 
572452 
513888 
332324 
46517 
618753 
759970 
504353 
584917 
225031 
50760 
327165 
681297 
168361 
46580 
993857 
512136 
182481 
134979 
18237 
783222 
447083 
725465 
967572 
442509 
760232 
574847 
906944 
301061 
919913 
624343 
23711 
321557 
494766 
361517 
964020 
265743 
446050 
524213 
744961 
513962 
401467 
900815 
463610 
334397 
505935 
155479 
942091 
468288 
612009 
790664 
434080 
789335 
949946 
784335 
164577 
833019 
772976 
909013 
555848 
409004 
706474 
854418 
639488 
292006 
869815 
601654 
33185 
475475 
692871 
575845 
816662 
486153 
894950 
810026 
140064 
465619 
342833 
126847 
326513 
3738 
970583 
259734 
993534 
244202 
995083 
217934 
123356 
797081 
382153 
882067 
814459 
159268 
629052 
210111 
66167 
116180 
595678 
878785 
664312 
634254 
951085 
409580 
87963 
716723 
93368 
34181 
314505 
921225 
723391 
86545 
538796 
591962 
508710 
293364 
866255 
479129 
446859 
861288 
787524 
