487830 
144265 
13125 
294779 
407233 
679977 
885287 
966728 
371164 
113730 
729387 
489372 
248446 
646335 
468695 
63696 
327641 
616366 
739001 
28446 
951163 
278649 
609650 
942995 
896969 
482757 
382905 
449496 
110670 
152723 
575977 
468363 
629573 
515582 
356658 
365614 
522921 
800622 
683689 
450542 
926349 
61208 
910408 
108353 
227862 
877246 
95568 
15040 
518831 
520427 
499253 
371732 
791178 
91527 
100661 
682142 
408878 
156446 
461020 
472319 
910084 
338899 
557989 
929435 
961199 
82283 
296327 
28401 
80707 
488246 
205511 
653186 
113547 
950687 
205929 
858128 
618805 
854476 
288671 
318139 
574309 
893225 
935969 
674672 
972729 
756008 
905663 
274828 
335085 
597891 
741480 
926669 
271971 
240377 
606471 
539117 
581271 
476957 
376293 
404704 
200023 
710187 
690591 
984249 
524907 
795931 
284540 
189215 
429938 
538067 
577192 
778191 
350732 
870001 
448275 
21116 
343936 
287112 
279778 
980146 
425086 
248353 
826982 
141278 
234635 
397810 
638572 
957923 
781103 
502605 
108294 
173400 
513540 
762507 
372109 
279453 
419651 
630851 
747054 
33602 
247962 
694231 
429172 
85962 
720289 
445207 
238834 
382517 
425201 
56604 
316406 
323189 
303198 
245451 
762120 
817739 
942800 
29411 
987550 
528433 
492811 
172982 
221013 
208905 
504703 
761918 
929109 
148588 
885607 
279788 
420801 
367 
964474 
207555 
531043 
21685 
892510 
344729 
378494 
624131 
510925 
483705 
747038 
391673 
188171 
519125 
444843 
542965 
548535 
614070 
859509 
213103 
406408 
644880 
750091 
323508 
692762 
364001 
824572 
470568 
569863 
938513 
156600 
853643 
851200 
943237 
989647 
247218 
182999 
439757 
574997 
491301 
340946 
446262 
380665 
308987 
271152 
606700 
897172 
152540 
566676 
19151 
81185 
42520 
85222 
752749 
928358 
159702 
724991 
436286 
514400 
322218 
980110 
813452 
835973 
442953 
432579 
650560 
34487 
572229 
363866 
849200 
480171 
306188 
866668 
851215 
692261 
286290 
698488 
769360 
878883 
92549 
882846 
221241 
794352 
661104 
450076 
31258 
894961 
711317 
312699 
481381 
604615 
302931 
759633 
190602 
688347 
320841 
990821 
520662 
795540 
753301 
178159 
354669 
577711 
237842 
694559 
248444 
894765 
405820 
143985 
590533 
950545 
531598 
108402 
844561 
455968 
362252 
462421 
475634 
546611 
323765 
360893 
800711 
446247 
301245 
527450 
309810 
731102 
816954 
254475 
827875 
858702 
466522 
66658 
412135 
493042 
577574 
804601 
256580 
579732 
553615 
261484 
671852 
611595 
999772 
717606 
394061 
307275 
192366 
665143 
549451 
681528 
815279 
324880 
277055 
515344 
512730 
114481 
992712 
322265 
900424 
706349 
426920 
744647 
56308 
319017 
625736 
390398 
293749 
13946 
806985 
442094 
17473 
640163 
795473 
900408 
614279 
926989 
257438 
222127 
117427 
105865 
932713 
964272 
681892 
748451 
564573 
954673 
94904 
480262 
955736 
835044 
12868 
522789 
857089 
480309 
713694 
230143 
959410 
253399 
433553 
492958 
939782 
179762 
520310 
161818 
16314 
701599 
701521 
822930 
129041 
796511 
722455 
140668 
679231 
432064 
112718 
585512 
247894 
796064 
842834 
212425 
910394 
708110 
550949 
703789 
465159 
413782 
990891 
927727 
504322 
498638 
183320 
898355 
789353 
225 
400640 
19054 
522356 
619150 
862281 
88551 
924211 
441736 
725593 
376168 
744757 
674553 
650484 
195821 
154034 
855474 
418769 
845422 
184915 
235847 
579366 
247660 
699798 
233412 
874348 
888842 
808746 
35841 
495473 
724398 
341189 
856129 
171390 
763803 
686726 
672079 
272219 
644404 
606854 
470285 
726381 
189363 
597269 
324521 
615201 
270458 
914834 
909650 
143483 
731627 
611055 
35069 
442869 
838138 
560962 
593413 
771440 
218084 
790237 
532333 
154849 
665364 
688482 
469860 
607441 
29971 
102794 
502461 
586090 
576062 
875630 
692120 
299160 
306416 
379470 
39121 
709837 
125023 
27260 
355365 
192891 
148778 
663916 
328317 
145035 
544173 
961472 
559186 
502270 
16122 
12315 
497780 
383509 
