502662 
118752 
904895 
5384 
292085 
265208 
913394 
979634 
605662 
95242 
120406 
59842 
684568 
550622 
134020 
82493 
325966 
674347 
126102 
651144 
731204 
201090 
494589 
514436 
844038 
960211 
477829 
438036 
403848 
144284 
907459 
794356 
764551 
968305 
207629 
421728 
458900 
4575 
58875 
979040 
78784 
579211 
110591 
406461 
173683 
768550 
576664 
569097 
170083 
162091 
594036 
629090 
35139 
648417 
783365 
339431 
118799 
847765 
266503 
483661 
537672 
444148 
444977 
184059 
430728 
581608 
356334 
177819 
572025 
278374 
95404 
213229 
583985 
880526 
954795 
664184 
617522 
225428 
909600 
884522 
192742 
523933 
907455 
378363 
645828 
471066 
118720 
987920 
301510 
271501 
139345 
904634 
482497 
499956 
315493 
728134 
981033 
297926 
716585 
950601 
518616 
628496 
172162 
665479 
849890 
649276 
324617 
714451 
759046 
729099 
918004 
129445 
257686 
741854 
336796 
695410 
592282 
776402 
889066 
111771 
812982 
850572 
443591 
926445 
627346 
967536 
941773 
717835 
91737 
296642 
409693 
743040 
731047 
556755 
576949 
311960 
656959 
841684 
479446 
99555 
952849 
430212 
649489 
154865 
684748 
838114 
293894 
68480 
110343 
582567 
590233 
909129 
362037 
170201 
194389 
80178 
455166 
789547 
484974 
744166 
291026 
833230 
225510 
32702 
6093 
773861 
659912 
522579 
975013 
167473 
275883 
107841 
318012 
153520 
454236 
210541 
179826 
566507 
652362 
720749 
317182 
6406 
345866 
549138 
742028 
371023 
121115 
7363 
848395 
834904 
481165 
11302 
480357 
968554 
284150 
70358 
307451 
772089 
107563 
979257 
925001 
657273 
266618 
323253 
88857 
551832 
553623 
708141 
926243 
774601 
357593 
749327 
339927 
375906 
968168 
306435 
158650 
548496 
273096 
159912 
867505 
596994 
205309 
855787 
922897 
556893 
673966 
506575 
676044 
508315 
48344 
413976 
551632 
487012 
810004 
600930 
51469 
862054 
873199 
232085 
429670 
972957 
411977 
400626 
552142 
346174 
204983 
121729 
321507 
904586 
976230 
391560 
486516 
984246 
427288 
74787 
942888 
472348 
994010 
404237 
179456 
425351 
715218 
474304 
476041 
288115 
123773 
403822 
54677 
404507 
251171 
781850 
801611 
246733 
358691 
2029 
430816 
562811 
373957 
68787 
819103 
242943 
104761 
738784 
461713 
220088 
491055 
131657 
681903 
369738 
514008 
622276 
810569 
112910 
495412 
966228 
964502 
610498 
471179 
268328 
88018 
672070 
933608 
397949 
810212 
447456 
357394 
543040 
898954 
825463 
228028 
99877 
685342 
836167 
818067 
251106 
346477 
715763 
849241 
690056 
424592 
847728 
608517 
491977 
12082 
582923 
790250 
5167 
543582 
783245 
316866 
514734 
500413 
946568 
312612 
604608 
905216 
443869 
274457 
661117 
622647 
678117 
72701 
990743 
274990 
856844 
440296 
104318 
634781 
126004 
289727 
697976 
227590 
385541 
865762 
755348 
994666 
366082 
192284 
103284 
113262 
945596 
122837 
468841 
617845 
868860 
694730 
791378 
388864 
243471 
304470 
716895 
456971 
32802 
905116 
604677 
780850 
522835 
200167 
380607 
28203 
378961 
954032 
560368 
344371 
248354 
250713 
711612 
286425 
343003 
149864 
474350 
212138 
395593 
471692 
551600 
560233 
62451 
812961 
290239 
582339 
226654 
97173 
805381 
795724 
181529 
224941 
800943 
906532 
233805 
897647 
975579 
629516 
425571 
978321 
759747 
121598 
992634 
520649 
270016 
647005 
922678 
636610 
552397 
844160 
795133 
258977 
227525 
100762 
153050 
148081 
831331 
4680 
9933 
96001 
906110 
341968 
984854 
232386 
279225 
443711 
702861 
110059 
657708 
203240 
709919 
835864 
519133 
935091 
89634 
411004 
367665 
712782 
483066 
282241 
931645 
974776 
496885 
324183 
535364 
867104 
393609 
345012 
470880 
815233 
328358 
699976 
918488 
133167 
138566 
206378 
832782 
3411 
466094 
985759 
223446 
67623 
75385 
603990 
777997 
964940 
330798 
403542 
221239 
807318 
618930 
327035 
499677 
18853 
189419 
243835 
632146 
677759 
476285 
376603 
799322 
874207 
531715 
457199 
831854 
