454035 
875460 
21807 
667745 
303894 
872900 
890866 
454218 
530755 
862748 
839235 
173712 
254152 
419510 
782124 
361194 
674206 
826891 
881870 
702026 
716583 
113698 
467178 
840874 
368342 
88263 
755148 
914410 
453751 
273305 
51042 
378109 
251569 
276836 
898492 
781719 
565077 
587264 
916956 
93927 
29879 
74959 
67859 
709859 
976841 
568288 
435705 
615102 
580931 
725672 
268572 
902871 
160781 
678548 
331117 
707214 
289569 
417930 
662669 
56458 
397896 
151393 
632366 
489444 
195057 
85288 
457768 
181607 
70880 
217911 
375580 
743036 
759081 
771579 
511313 
463500 
89954 
246649 
875597 
386864 
72299 
943651 
257885 
625237 
276221 
473451 
454951 
596616 
150760 
229899 
753893 
200106 
34666 
562065 
814497 
867701 
141720 
795973 
995595 
908364 
207812 
143955 
580881 
367682 
703326 
555996 
981042 
901735 
923293 
72391 
200643 
650073 
471544 
754756 
867972 
975526 
203476 
613843 
447889 
42685 
749624 
720813 
601096 
625486 
158366 
942172 
570874 
503374 
813734 
245428 
669524 
789427 
244014 
967686 
711491 
660803 
438896 
767656 
887078 
176199 
104129 
887940 
980085 
636678 
511881 
166719 
412212 
341697 
509462 
532114 
121284 
48971 
550465 
763583 
553150 
912866 
736336 
159497 
529634 
5000 
96025 
769307 
826546 
547558 
629629 
866163 
979918 
913333 
600733 
222551 
279167 
405841 
843264 
413677 
811603 
18818 
52611 
454717 
456253 
824066 
437434 
176051 
546914 
357361 
83165 
593436 
517640 
380330 
847544 
304585 
749239 
624020 
898963 
674328 
603041 
789579 
254639 
961442 
945471 
502165 
472709 
147950 
531407 
825351 
617122 
849782 
211827 
29394 
493274 
251977 
422444 
87260 
685789 
583301 
96047 
382201 
585772 
199946 
499489 
650167 
418576 
192375 
967246 
290101 
515265 
401376 
908672 
60392 
996340 
236571 
32024 
56310 
162361 
620572 
610257 
27795 
780204 
911477 
299030 
573385 
218021 
218716 
177162 
788628 
719798 
48625 
887609 
68520 
944535 
259595 
320563 
207500 
250539 
56297 
484195 
759659 
955466 
65623 
985215 
878073 
733931 
904881 
957061 
813484 
944742 
995818 
194293 
338240 
777062 
75006 
583473 
48488 
13661 
953990 
448748 
734665 
417253 
97911 
633265 
410032 
608478 
721797 
47630 
516356 
594436 
578326 
57506 
167248 
755736 
38015 
175524 
958434 
231023 
599163 
771283 
457929 
724714 
100708 
90484 
917155 
519663 
710870 
876395 
525914 
286402 
343697 
685193 
543511 
336040 
198174 
548162 
967380 
970220 
922213 
476355 
326698 
853365 
238902 
747436 
857524 
575336 
911832 
391910 
411647 
65263 
103096 
677658 
838222 
387249 
729203 
694716 
917346 
12392 
165633 
267396 
886315 
849598 
958729 
954245 
405861 
865023 
476881 
32161 
251967 
600642 
704565 
433940 
84629 
932951 
841839 
644429 
417226 
842568 
14040 
550534 
819081 
860250 
674134 
354442 
567026 
923684 
729598 
785491 
908150 
883320 
580501 
8191 
439316 
724421 
338336 
794689 
8989 
286379 
696164 
580624 
265189 
425582 
302676 
564120 
235700 
808138 
176538 
274186 
695195 
291771 
670433 
474327 
798791 
118197 
242817 
444860 
30271 
792590 
838581 
270116 
604966 
743103 
287947 
715197 
851364 
235832 
446906 
115078 
164720 
548834 
132430 
894354 
426775 
880625 
455577 
836638 
698557 
175877 
692094 
908165 
382155 
641391 
859306 
556813 
529022 
19912 
325353 
348609 
8515 
820768 
740980 
214464 
878354 
172542 
676481 
537545 
723846 
316954 
357180 
154112 
460993 
794833 
381286 
657710 
987625 
367481 
508426 
695822 
131599 
560321 
331035 
71662 
441812 
793958 
263507 
495462 
884352 
353472 
213122 
420002 
563493 
736546 
975877 
730161 
633417 
831178 
248337 
695894 
881759 
401389 
32752 
448722 
485253 
29183 
104184 
131048 
561015 
427010 
215756 
771772 
413372 
362190 
320405 
962536 
23373 
639306 
483354 
263113 
352769 
521188 
328590 
869204 
214748 
951516 
230010 
229664 
595676 
488734 
958654 
456442 
232501 
459603 
370976 
873300 
719409 
69770 
873809 
311220 
973958 
732095 
845497 
875919 
58831 
790245 
113137 
183194 
867597 
795083 
872146 
809169 
693917 
798514 
973717 
213605 
635317 
98594 
536636 
659309 
693232 
475958 
245247 
913632 
764259 
139177 
180587 
894272 
440844 
32781 
850128 
960431 
553931 
625313 
427013 
193360 
252788 
402324 
175175 
544726 
854137 
541201 
356602 
835369 
104241 
813267 
787146 
170273 
527493 
534831 
999520 
565277 
141417 
569668 
513072 
232217 
98445 
78965 
443372 
288356 
611075 
272709 
748866 
896247 
553767 
588967 
880477 
842400 
120240 
683809 
627677 
356991 
450579 
901495 
921135 
10897 
918042 
932512 
629127 
728944 
436388 
926962 
719418 
73591 
278120 
65266 
598446 
161499 
621951 
73621 
62516 
102631 
354636 
118786 
270625 
142375 
375045 
261609 
967772 
895657 
39785 
128258 
888762 
183646 
658254 
643158 
931054 
70852 
876728 
664167 
97251 
544970 
755862 
837906 
927056 
883222 
9139 
326996 
158507 
339947 
273307 
999604 
790302 
919226 
524082 
914796 
167882 
672124 
388694 
49280 
265793 
326288 
952959 
414271 
913623 
442931 
936930 
426191 
902108 
421985 
226886 
614851 
613421 
105971 
556429 
993682 
926710 
97211 
127903 
576652 
593628 
323171 
304643 
284629 
907223 
288335 
63374 
828215 
831655 
163836 
692918 
322946 
709823 
781578 
987465 
529960 
635168 
620033 
195464 
283290 
183420 
242696 
649094 
584352 
674739 
572790 
112044 
510140 
457156 
213302 
325647 
774600 
762432 
713879 
905340 
325847 
251690 
6230 
631933 
365063 
176223 
214626 
537858 
725111 
616025 
224214 
787101 
819420 
216627 
361184 
12999 
594130 
370846 
372119 
679713 
515410 
916418 
301474 
77372 
669153 
25473 
251347 
865566 
324434 
428893 
175239 
646277 
726675 
859285 
535215 
268422 
491509 
284674 
462871 
391928 
110273 
658941 
313961 
535549 
862532 
268560 
564474 
400194 
671174 
906246 
497474 
886947 
530994 
208138 
753938 
587938 
473407 
439757 
859668 
972330 
760197 
662094 
982408 
699742 
68116 
229618 
712055 
826276 
379823 
831771 
131104 
37702 
469610 
5469 
955097 
301316 
40870 
663716 
887639 
441020 
64127 
892440 
455082 
312603 
479823 
154949 
801017 
460693 
708682 
383264 
279127 
837206 
525436 
288331 
687272 
518844 
391305 
980346 
959537 
28296 
298825 
520459 
516616 
903112 
632439 
941497 
235779 
475951 
901391 
281878 
172757 
656464 
613790 
696104 
802366 
485138 
950309 
884607 
673649 
732050 
913252 
197275 
436094 
634515 
966748 
155964 
345553 
638513 
811398 
497477 
506807 
200879 
394229 
9845 
899450 
371033 
775503 
554508 
807536 
71972 
701714 
131376 
855712 
342000 
52963 
463067 
765168 
229565 
216244 
421426 
262906 
681640 
42010 
347262 
623678 
695976 
959364 
729654 
296505 
72338 
883146 
430619 
545750 
211382 
506032 
86973 
448110 
31486 
11589 
694243 
797950 
565140 
416388 
660909 
86234 
455813 
701934 
232325 
330542 
13809 
180444 
980110 
992704 
455620 
451325 
81418 
822638 
800880 
351737 
40054 
410834 
585090 
792827 
428893 
467700 
685870 
640746 
1877 
877238 
405787 
954764 
964885 
196538 
614391 
927718 
381288 
843762 
372457 
785259 
734825 
135772 
464160 
471020 
181786 
907081 
90584 
945843 
56806 
231322 
777260 
990984 
723576 
478785 
477086 
73568 
217690 
156365 
775159 
746716 
140307 
886620 
587162 
367701 
781619 
740962 
328210 
922489 
28427 
454536 
20318 
874440 
403393 
308345 
8592 
427565 
423863 
235677 
683766 
326628 
697695 
951756 
301586 
909953 
17167 
462398 
640919 
963343 
489913 
557971 
528530 
234003 
492569 
716752 
242089 
786910 
347134 
965659 
401267 
395037 
659379 
492381 
968966 
240297 
374804 
209136 
18202 
366624 
673595 
84112 
891863 
286806 
233255 
848723 
69103 
524648 
857746 
127690 
65170 
924520 
139938 
673148 
766005 
560966 
352818 
689209 
533361 
895078 
928306 
464848 
586001 
571742 
10113 
739184 
875359 
795751 
450750 
112109 
596147 
832590 
69847 
524335 
445600 
