133295 
5579 
124170 
252985 
257380 
66950 
348685 
506709 
784758 
446105 
456026 
304689 
335523 
795286 
466491 
345881 
38653 
250889 
703417 
218563 
916936 
639724 
420618 
225162 
925810 
539443 
727680 
318332 
205262 
374832 
105459 
688250 
645195 
83163 
828708 
322443 
653949 
69720 
971213 
594475 
422573 
420703 
191811 
642832 
806341 
466731 
707494 
67417 
109129 
20665 
224835 
259137 
71983 
544141 
576528 
346088 
299038 
884630 
369508 
545891 
56962 
425718 
244027 
38811 
706342 
910007 
70258 
223776 
818510 
174879 
595662 
310333 
617185 
527924 
564921 
329752 
255670 
597356 
39215 
574768 
571385 
640372 
757650 
51419 
67113 
500384 
428724 
918651 
488154 
736792 
732747 
17111 
226057 
762156 
615079 
123165 
736598 
236195 
215956 
442078 
963666 
253124 
954808 
506127 
453610 
143607 
740261 
595905 
768727 
409359 
544579 
149572 
181636 
208086 
617841 
358803 
569692 
984586 
343504 
588428 
821154 
245721 
359694 
688560 
827947 
272843 
524492 
508953 
137735 
619102 
836919 
439142 
639590 
233633 
481630 
738306 
964396 
227078 
477688 
484739 
154894 
390639 
788152 
934679 
888358 
429067 
407171 
966553 
100287 
808018 
759012 
649865 
467302 
784293 
987199 
517724 
773486 
451189 
823928 
177737 
631500 
266248 
783446 
602044 
707465 
274787 
299582 
752145 
43425 
761440 
400101 
647372 
676920 
132483 
664772 
829499 
937602 
101358 
43347 
46162 
925857 
467049 
419805 
11675 
457282 
391337 
68254 
414795 
601753 
201559 
265624 
732214 
305732 
648055 
755858 
663363 
617275 
590303 
218749 
541471 
895450 
193489 
616988 
232646 
39763 
374941 
945237 
47049 
466325 
539579 
413297 
219411 
891301 
751894 
508409 
25149 
327727 
435524 
301557 
870679 
529139 
816028 
618762 
46155 
550433 
964214 
652121 
311259 
290857 
410796 
571553 
92110 
237133 
263873 
944359 
595669 
572969 
526617 
325130 
199856 
651132 
241278 
116041 
916187 
230132 
679015 
836626 
445935 
26327 
407335 
783710 
840028 
318995 
860141 
607084 
50555 
950498 
625482 
175629 
135339 
113210 
227629 
321535 
798393 
785988 
986763 
576659 
340803 
101687 
67861 
934483 
452032 
723138 
532058 
156213 
54366 
131475 
921426 
134381 
487822 
663807 
253095 
907937 
789804 
22467 
374720 
363649 
15518 
550052 
942042 
980586 
301082 
557501 
203566 
913247 
887859 
472361 
812725 
302787 
741358 
756073 
617368 
232194 
85797 
532390 
61348 
444070 
242076 
327935 
367394 
203285 
46572 
750068 
982180 
500552 
418467 
849644 
697204 
558691 
809333 
556094 
458671 
689352 
189414 
49373 
962955 
461098 
182455 
363612 
452812 
580340 
436798 
816530 
644273 
314410 
1875 
5676 
592110 
175572 
715469 
148522 
533190 
396384 
565417 
650974 
581344 
255514 
488026 
987602 
50406 
259061 
817109 
306832 
266200 
975656 
4467 
103167 
337763 
153256 
248257 
789876 
436688 
346679 
572893 
474087 
455890 
783695 
718605 
567996 
245892 
732621 
947269 
587093 
134653 
231482 
366551 
100366 
210337 
755852 
815993 
495028 
28289 
747626 
198733 
439128 
538060 
318557 
176116 
247577 
332516 
521484 
173795 
254549 
2766 
199890 
338500 
909866 
893750 
590024 
530971 
999677 
985165 
505185 
511812 
795361 
752052 
934451 
269345 
227630 
932825 
963218 
344513 
563808 
473334 
18336 
458885 
275023 
825515 
259546 
847097 
460135 
924675 
254554 
222601 
410339 
583415 
173497 
503207 
40058 
947320 
90295 
480509 
934314 
834163 
702623 
57908 
771918 
368894 
900741 
900022 
267014 
363085 
718991 
663631 
856179 
786190 
880986 
925073 
516130 
74693 
354104 
645192 
254468 
851561 
192184 
640898 
960583 
858211 
167681 
686100 
35252 
748902 
644837 
960837 
829869 
778082 
237346 
612562 
560379 
46611 
727961 
164989 
775890 
863668 
147525 
551407 
753057 
776674 
636883 
290273 
932293 
559572 
563347 
48731 
138630 
652569 
786082 
353360 
389130 
483323 
93026 
621527 
774512 
231823 
672693 
68753 
36625 
937204 
944038 
303900 
