931234 
521242 
246297 
907216 
699976 
665562 
278866 
553526 
616563 
632934 
410149 
317411 
472332 
940770 
949540 
927835 
63911 
628128 
807792 
938799 
418678 
200627 
906438 
294049 
89753 
858884 
672861 
834017 
789519 
80331 
351246 
77679 
485913 
229668 
95922 
248844 
830611 
296978 
206870 
607678 
579788 
924556 
987182 
314372 
752679 
3577 
842857 
305802 
76812 
896244 
232667 
30098 
251704 
229032 
979421 
618805 
484561 
269705 
245792 
378901 
238312 
555905 
892866 
200841 
822460 
810238 
645792 
76321 
239641 
747411 
981126 
634372 
285801 
576059 
770802 
981591 
255661 
213987 
940183 
269561 
134430 
475207 
788318 
398688 
168830 
368991 
218485 
596690 
40352 
919878 
48193 
745592 
990274 
332630 
236126 
995020 
97512 
461589 
317151 
909647 
