274439 
496451 
985566 
353820 
497227 
98359 
204959 
35325 
546902 
695890 
417984 
399650 
759122 
942514 
87552 
678177 
669860 
952788 
326997 
853343 
811025 
220176 
989226 
836535 
984342 
379731 
60184 
205817 
995557 
25667 
716895 
96558 
139203 
683193 
165600 
247646 
835849 
335215 
150044 
977180 
493743 
987952 
492778 
282111 
646513 
184536 
742334 
806870 
534919 
532455 
405936 
121101 
49586 
716406 
539964 
674480 
486158 
652294 
902537 
497269 
655619 
681364 
174817 
348384 
574430 
297930 
407265 
216278 
970855 
169177 
64184 
607056 
81052 
463675 
755713 
824637 
151849 
842655 
778726 
530042 
969152 
251505 
866766 
70461 
477408 
16744 
556968 
980862 
6870 
942159 
800444 
540838 
19109 
564695 
950903 
40527 
699300 
720374 
592240 
202457 
271614 
627676 
284658 
634450 
323735 
925359 
285565 
338805 
716973 
826084 
968981 
348303 
178257 
238182 
448150 
290510 
840727 
485844 
999689 
277697 
710129 
262247 
215449 
784600 
563315 
857208 
717299 
740016 
546337 
63950 
717058 
205489 
999998 
273152 
180736 
367219 
131069 
940891 
50167 
622007 
770104 
348874 
863808 
865270 
712740 
773315 
217569 
906932 
787868 
537843 
153823 
177882 
761245 
379248 
671119 
113532 
104368 
690380 
472584 
569756 
726646 
83662 
356681 
664887 
836330 
309821 
32474 
456205 
317634 
956640 
469025 
563850 
396505 
881355 
436229 
320326 
927775 
602696 
565274 
805073 
328356 
742597 
560413 
85834 
248675 
962500 
170470 
646164 
967336 
696123 
157928 
546694 
884577 
95345 
562096 
529923 
981729 
794732 
987065 
157132 
203334 
947143 
852930 
797395 
573750 
322122 
464698 
580511 
63936 
229573 
674745 
676851 
617728 
70032 
945868 
575066 
658143 
737149 
475793 
619079 
442991 
616734 
375102 
476128 
446778 
100036 
736319 
249037 
365188 
750358 
787162 
366458 
377085 
521179 
999389 
668365 
375882 
649500 
475846 
508304 
208324 
2436 
451065 
843042 
500941 
772386 
386841 
736890 
449021 
544243 
407343 
716380 
804301 
653124 
909421 
937469 
513397 
597486 
531049 
920354 
778812 
759209 
603030 
412134 
463097 
579363 
81221 
268816 
358963 
816517 
405500 
100619 
602420 
840922 
581624 
14040 
653455 
134026 
756299 
332159 
892355 
214130 
813571 
387424 
613386 
236676 
301439 
879479 
390777 
977877 
688572 
515909 
601140 
429910 
308783 
656479 
747119 
540543 
104828 
222750 
487277 
964586 
224362 
572748 
83155 
645040 
367699 
188417 
289377 
159265 
740373 
678685 
698385 
195979 
642067 
107584 
683088 
888382 
135443 
263002 
639968 
479734 
147432 
639815 
666678 
790286 
835292 
462648 
339474 
528260 
82213 
808494 
570798 
120875 
966920 
209752 
246564 
767439 
97614 
568023 
208500 
204503 
735453 
351785 
949071 
206099 
645416 
140083 
445937 
142123 
922174 
448185 
982383 
299653 
995320 
540957 
615760 
881251 
429895 
714978 
61299 
569941 
621906 
434718 
201024 
76020 
237988 
550264 
655865 
197403 
541168 
763909 
718858 
327365 
435175 
557794 
768220 
185531 
970707 
684236 
720948 
936990 
498624 
239489 
629546 
636436 
229295 
565472 
168026 
529656 
631566 
427986 
413154 
364117 
122494 
624238 
934065 
884195 
993250 
691261 
161619 
824520 
340694 
999618 
797297 
839383 
510296 
292201 
957453 
535521 
462219 
760618 
688567 
606738 
319123 
643045 
255537 
542320 
308282 
977926 
619341 
516375 
218546 
559646 
649692 
792211 
303978 
629306 
408846 
51702 
435793 
728587 
386177 
349280 
54056 
808286 
150337 
987419 
348425 
957166 
56049 
832744 
176675 
666114 
673742 
851945 
302744 
919313 
1649 
632649 
762639 
942472 
528744 
813758 
610575 
217501 
401491 
982151 
652004 
255976 
722042 
548752 
275514 
120476 
211993 
985413 
610774 
268310 
899401 
533424 
91983 
674987 
515266 
687629 
821266 
736673 
869391 
347621 
546721 
287536 
714012 
780938 
855659 
225517 
775845 
238456 
593599 
251615 
28018 
42119 
381959 
898101 
801748 
658453 
217364 
373592 
892361 
726801 
706381 
649230 
