754023 
640908 
916117 
31663 
843472 
848640 
895462 
735236 
552400 
979813 
576993 
937207 
126836 
309133 
989846 
650610 
183121 
397150 
829639 
765783 
674872 
705504 
904466 
35322 
373835 
108542 
349182 
459616 
902045 
164065 
37159 
946959 
432112 
843060 
813583 
742058 
515841 
746793 
617339 
931517 
674188 
169992 
86103 
810963 
840867 
614880 
277558 
469410 
810564 
665983 
146234 
727394 
148318 
975592 
913729 
544860 
535926 
931568 
236154 
358712 
414803 
391874 
811444 
474304 
918760 
626573 
336963 
389770 
90175 
640844 
587855 
979132 
260576 
18435 
851078 
756121 
465939 
518237 
47961 
14870 
705885 
641272 
241382 
485138 
223179 
16866 
112291 
111523 
627994 
459149 
68835 
732913 
772418 
836084 
761467 
231287 
464865 
988346 
59600 
172422 
