338662 
235436 
633969 
537412 
22291 
946070 
699013 
8557 
767334 
299484 
287622 
835957 
210193 
572347 
483351 
44420 
507515 
523340 
222136 
954579 
686763 
561712 
748361 
239076 
232628 
953155 
26222 
900345 
672734 
766722 
707471 
566790 
756801 
979068 
684911 
129434 
242336 
636539 
77544 
368960 
247016 
302139 
812029 
642772 
847092 
913925 
181659 
106329 
336710 
605589 
358039 
290930 
703492 
253194 
448958 
910627 
332264 
46126 
841750 
552516 
878420 
592590 
528841 
994248 
391505 
617805 
289091 
399552 
924594 
516398 
692597 
79788 
790805 
411468 
776383 
392400 
102894 
392605 
920668 
962647 
569702 
785015 
813463 
81592 
763151 
274186 
324999 
690384 
932051 
490420 
675104 
299409 
39051 
20015 
731473 
478369 
76918 
734117 
670723 
302751 
544282 
270002 
884788 
322649 
528669 
761112 
645686 
336704 
789032 
559473 
756104 
594046 
188590 
38625 
852997 
730228 
508961 
330705 
316537 
66541 
795660 
438462 
650442 
494930 
947215 
406345 
251281 
729694 
56636 
122845 
102660 
758849 
527760 
719589 
712516 
496783 
767016 
700139 
362936 
903557 
253160 
886218 
761702 
405049 
609768 
691974 
334192 
410763 
687726 
158407 
207594 
325688 
198325 
620136 
765284 
95636 
276369 
538219 
743048 
232867 
21940 
20357 
272966 
919498 
274557 
360225 
100459 
440161 
356638 
847308 
911731 
617312 
560411 
648610 
437397 
936536 
733348 
863638 
181118 
778356 
596312 
373647 
181090 
485659 
339039 
508263 
919092 
481998 
930178 
105491 
749298 
917526 
593316 
247293 
680094 
651221 
970940 
360601 
651429 
228859 
851333 
632794 
566112 
576978 
335204 
238011 
932441 
859593 
28936 
206099 
551676 
825879 
804952 
89647 
12253 
826818 
295468 
325088 
954027 
941329 
292233 
501041 
705169 
379581 
343192 
950599 
962244 
223055 
911981 
735110 
353042 
551706 
339494 
830408 
397264 
582299 
65754 
277772 
101084 
363190 
529241 
886345 
557420 
25343 
669935 
526887 
247443 
381145 
302966 
914781 
564330 
538054 
690937 
519148 
573425 
113269 
555993 
44404 
194027 
194838 
306514 
391662 
465949 
630771 
550168 
491716 
572513 
424546 
967649 
866903 
30808 
263607 
322016 
238091 
986681 
564475 
160013 
969598 
563616 
202123 
35245 
691314 
949580 
175742 
199104 
739088 
931996 
213692 
199518 
766136 
79887 
694892 
587644 
436857 
317169 
866430 
29330 
924027 
225588 
601235 
459713 
625290 
121231 
491490 
108450 
143062 
774761 
526458 
380166 
602179 
106924 
959810 
690042 
12167 
801084 
732692 
183864 
231630 
698619 
40480 
62154 
993777 
363330 
37757 
524811 
510042 
940289 
119411 
298227 
378864 
775353 
46668 
928807 
945786 
944472 
417169 
318814 
284243 
129055 
634840 
840179 
522821 
704533 
947509 
497368 
38151 
62586 
892587 
844146 
451501 
119793 
979923 
396806 
985427 
578881 
782085 
878605 
260579 
577720 
250229 
5788 
284504 
536457 
83387 
495387 
830725 
704615 
956545 
629302 
793327 
153422 
145111 
693357 
184620 
319618 
582449 
518945 
165633 
7718 
876339 
169857 
899865 
746931 
945031 
931232 
888827 
94157 
723567 
432951 
726670 
709489 
804505 
333754 
662891 
781053 
764171 
580928 
360066 
415708 
417517 
487614 
505858 
195134 
684065 
610875 
938205 
776829 
488181 
521684 
237294 
536887 
835987 
404720 
524712 
688115 
819894 
785010 
263021 
489267 
960123 
240088 
726155 
114882 
165066 
853965 
211273 
151195 
597279 
758994 
131561 
212136 
5835 
728822 
880511 
969046 
321943 
171872 
392623 
599158 
309557 
37496 
134099 
7700 
837239 
922040 
834193 
452307 
843954 
554128 
150755 
961933 
304310 
43079 
117338 
151293 
395464 
795445 
879640 
731110 
551578 
731435 
380074 
964797 
8768 
19363 
892065 
572164 
880748 
775525 
380400 
371725 
623278 
950740 
222117 
65787 
22741 
886938 
877776 
189324 
347479 
206437 
823916 
906511 
359978 
647586 
741838 
732324 
713540 
226777 
892766 
424349 
954690 
827192 
662333 
170782 
276077 
914422 
917164 
891344 
185416 
73367 
350723 
463917 
278840 
605993 
291247 
762776 
934242 
748968 
616353 
614170 
83838 
609493 
284222 
889019 
713168 
908073 
711981 
718318 
843078 
562097 
110853 
154262 
395317 
745100 
659947 
688812 
51378 
518207 
421907 
15069 
728452 
595871 
394651 
791863 
656172 
989403 
152507 
496531 
332775 
458286 
699220 
257358 
775359 
578242 
190989 
10052 
575926 
431469 
117742 
333582 
991230 
700929 
944911 
543255 
976114 
182682 
67850 
920733 
120224 
945022 
267626 
982648 
703356 
854874 
22710 
27567 
92527 
707005 
276115 
811379 
64526 
812413 
446745 
617836 
79458 
648483 
254860 
29951 
956959 
351852 
193131 
955795 
205244 
589490 
748414 
192205 
42073 
327520 
173148 
486527 
757120 
142216 
58736 
372238 
281518 
677733 
367926 
825795 
753573 
983905 
502584 
825618 
702703 
388197 
243974 
357178 
491610 
196098 
110174 
55238 
302506 
430248 
144004 
867600 
450437 
526431 
958238 
467617 
723095 
746755 
602866 
639541 
101193 
85275 
416719 
406911 
816711 
279181 
151489 
905176 
873518 
35665 
810843 
545471 
713909 
509199 
917877 
239774 
953405 
458684 
790966 
543581 
904187 
691896 
654781 
721592 
958204 
722295 
857142 
236045 
690285 
222859 
996297 
332630 
877609 
555316 
612444 
873618 
264080 
62033 
240071 
528012 
371697 
646991 
429734 
533178 
844791 
286807 
708667 
729237 
898751 
677150 
612328 
423664 
432771 
920602 
863866 
650901 
101473 
481946 
426466 
541790 
868907 
737202 
545319 
426444 
807280 
667394 
532774 
921766 
794967 
868109 
418264 
682560 
563516 
585520 
506634 
546097 
370560 
70116 
825233 
202626 
136171 
368702 
966408 
488862 
332128 
147499 
752781 
478624 
587876 
296862 
351127 
258861 
739903 
166407 
595004 
921088 
14811 
571700 
498777 
156026 
322059 
654112 
961474 
458559 
837508 
300552 
554734 
753904 
405900 
615852 
607171 
356794 
755553 
883886 
160434 
780803 
584010 
100923 
678163 
108681 
442666 
903007 
111302 
435814 
947948 
406932 
580226 
930096 
218129 
847768 
510348 
668904 
396420 
106750 
18260 
792398 
920814 
202897 
288891 
417882 
806682 
225225 
558392 
524699 
435762 
923269 
295909 
276550 
115952 
961782 
211221 
279854 
178986 
291762 
742481 
975024 
927398 
743438 
816255 
577433 
872118 
483845 
645896 
602984 
83874 
666273 
389633 
817796 
331260 
367177 
623902 
554609 
504382 
428578 
760764 
81414 
285673 
150548 
439144 
532976 
586427 
608770 
153096 
540516 
225511 
920391 
928671 
358818 
272835 
265715 
966052 
769405 
600604 
213355 
710219 
117602 
820300 
78017 
902937 
918537 
953533 
397585 
927358 
968485 
985431 
967165 
994566 
10324 
35892 
358364 
679156 
695743 
207261 
725958 
628002 
44522 
391563 
541200 
407980 
523383 
874479 
122701 
253380 
979397 
329397 
903314 
299145 
834620 
203003 
811069 
305543 
5525 
119875 
133085 
947990 
79539 
757575 
538796 
257859 
365605 
552874 
760595 
79609 
882467 
696568 
815075 
813405 
665129 
843118 
109899 
998294 
956485 
459921 
660693 
242277 
77001 
333728 
832319 
661644 
596115 
241675 
439795 
926682 
796678 
668120 
587082 
445903 
718257 
811883 
10513 
176630 
598065 
400789 
325396 
416305 
546437 
941633 
683822 
347595 
751703 
680155 
184097 
794915 
719549 
569684 
453889 
501184 
784920 
957747 
491399 
568642 
349715 
559770 
507218 
492188 
105338 
195705 
647632 
574771 
464955 
846046 
961594 
681028 
511250 
156862 
373385 
425648 
659587 
758854 
235637 
933698 
403790 
778122 
605317 
98741 
699145 
818493 
117613 
819323 
405585 
364290 
889724 
622604 
79167 
48963 
772013 
760945 
851741 
41720 
606329 
195509 
133462 
82134 
484691 
798352 
438473 
810682 
426487 
527278 
207030 
783668 
588648 
411018 
102929 
812734 
435745 
163939 
224400 
716169 
10142 
326447 
36102 
63090 
352763 
84267 
965739 
643485 
76204 
1220 
216633 
441340 
925055 
941711 
885931 
579244 
323880 
710824 
251376 
930011 
661905 
866922 
344791 
534654 
910616 
174472 
941460 
781513 
